2
3
4
5
6
7
8
9
10
11
12
13
14
15
16
17
18
19
20
21
22
23
24
25
26
27
28
29
30
31
32
33
34
35
36
37
38
39
40
41
42
43
44
45
46
47
48
49
50
51
52
53
54
55
56
57
58
59
60
61
62
63
64
65
66
67
68
69
70
71
72
73
74
75
76
77
78
79
80
81
82
83
84
85
86
87
88
89
90
91
92
93
94
95
96
97
98
99
100
101
102
103
104
105
106
107
108
109
110
111
112
113
114
115
116
117
118
119
120
121
122
123
124
125
126
127
128
129
130
131
132
133
134
135
136
137
138
139
140
141
142
143
144
145
146
147
148
149
150
151
152
153
154
155
156
157
158
159
160
161
162
163
164
165
166
167
168
169
170
171
172
173
174
175
176
177
178
179
180
181
182
183
184
185
186
187
188
189
190
191
192
193
194
195
196
197
198
199
200
201
202
203
204
205
206
207
208
209
210
211
212
213
214
215
216
217
218
219
220
221
222
223
224
225
226
227
228
229
230
231
232
233
234
235
236
237
238
239
240
241
242
243
244
245
246
247
248
249
250
251
252
253
254
255
256
257
258
259
260
261
262
263
264
265
266
267
268
269
270
271
272
273
274
275
276
277
278
279
280
281
282
283
284
285
286
287
288
289
290
291
292
293
294
295
296
297
298
299
300
301
302
303
304
305
306
307
308
309
310
311
312
313
314
315
316
317
318
319
320
321
322
323
324
325
326
327
328
329
330
331
332
333
334
335
336
337
338
339
340
341
342
343
344
345
346
347
348
349
350
351
352
353
354
355
356
357
358
359
360
361
362
363
364
365
366
367
368
369
370
371
372
373
374
375
376
377
378
379
380
381
382
383
384
385
386
387
388
389
390
391
392
393
394
395
396
397
398
399
400
401
402
403
404
405
406
407
408
409
410
411
412
413
414
415
416
417
418
419
420
421
422
423
424
425
426
427
428
429
430
431
432
433
434
435
436
437
438
439
440
441
442
443
444
445
446
447
448
449
450
451
452
453
454
455
456
457
458
459
460
461
462
463
464
465
466
467
468
469
470
471
472
473
474
475
476
477
478
479
480
481
482
483
484
485
486
487
488
489
490
491
492
493
494
495
496
497
498
499
500
501
502
503
504
505
506
507
508
509
510
511
512
513
514
515
516
517
518
519
520
521
522
523
524
525
526
527
528
529
530
531
532
533
534
535
536
537
538
539
540
541
542
543
544
545
546
547
548
549
550
551
552
553
554
555
556
557
558
559
560
561
562
563
564
565
566
567
568
569
570
571
572
573
574
575
576
577
578
579
580
581
582
583
584
585
586
587
588
589
590
591
592
593
594
595
596
597
598
599
600
601
602
603
604
605
606
607
608
609
610
611
612
613
614
615
616
617
618
619
620
621
622
623
624
625
626
627
628
629
630
631
632
633
634
635
636
637
638
639
640
641
642
643
644
645
646
647
648
649
650
651
652
653
654
655
656
657
658
659
660
661
662
663
664
665
666
667
668
669
670
671
672
673
674
675
676
677
678
679
680
681
682
683
684
685
686
687
688
689
690
691
692
693
694
695
696
697
698
699
700
701
702
703
704
705
706
707
708
709
710
711
712
713
714
715
716
717
718
719
720
721
722
723
724
725
726
727
728
729
730
731
732
733
734
735
736
737
738
739
740
741
742
743
744
745
746
747
748
749
750
751
752
753
754
755
756
757
758
759
760
761
762
763
764
765
766
767
768
769
770
771
772
773
774
775
776
777
778
779
780
781
782
783
784
785
786
787
788
789
790
791
792
793
794
795
796
797
798
799
800
801
802
803
804
805
806
807
808
809
810
811
812
813
814
815
816
817
818
819
820
821
822
823
824
825
826
827
828
829
830
831
832
833
834
835
836
837
838
839
840
841
842
843
844
845
846
847
848
849
850
851
852
853
854
855
856
857
858
859
860
861
862
863
864
865
866
867
868
869
870
871
872
873
874
875
876
877
878
879
880
881
882
883
884
885
886
887
888
889
890
891
892
893
894
895
896
897
898
899
900
901
902
903
904
905
906
907
908
909
910
911
912
913
914
915
916
917
918
919
920
921
922
923
924
925
926
927
928
929
930
931
932
933
934
935
936
937
938
939
940
941
942
943
944
945
946
947
948
949
950
951
952
953
954
955
956
957
958
959
960
961
962
963
964
965
966
967
968
969
970
971
972
973
974
975
976
977
978
979
980
981
982
983
984
985
986
987
988
989
990
991
992
993
994
995
996
997
998
999
1000
1000000000
999999999
999999998
999999997
999999996
999999995
999999994
999999993
999999992
999999991
999999990
999999989
999999988
999999987
999999986
999999985
999999984
999999983
999999982
999999981
999999980
999999979
999999978
999999977
999999976
999999975
999999974
999999973
999999972
999999971
999999970
999999969
999999968
999999967
999999966
999999965
999999964
999999963
999999962
999999961
999999960
999999959
999999958
999999957
999999956
999999955
999999954
999999953
999999952
999999951
999999950
999999949
999999948
999999947
999999946
999999945
999999944
999999943
999999942
999999941
999999940
999999939
999999938
999999937
999999936
999999935
999999934
999999933
999999932
999999931
999999930
999999929
999999928
999999927
999999926
999999925
999999924
999999923
999999922
999999921
999999920
999999919
999999918
999999917
999999916
999999915
999999914
999999913
999999912
999999911
999999910
999999909
999999908
999999907
999999906
999999905
999999904
999999903
999999902
999999901
999999900
999999899
999999898
999999897
999999896
999999895
999999894
999999893
999999892
999999891
999999890
999999889
999999888
999999887
999999886
999999885
999999884
999999883
999999882
999999881
999999880
999999879
999999878
999999877
999999876
999999875
999999874
999999873
999999872
999999871
999999870
999999869
999999868
999999867
999999866
999999865
999999864
999999863
999999862
999999861
999999860
999999859
999999858
999999857
999999856
999999855
999999854
999999853
999999852
999999851
999999850
999999849
999999848
999999847
999999846
999999845
999999844
999999843
999999842
999999841
999999840
999999839
999999838
999999837
999999836
999999835
999999834
999999833
999999832
999999831
999999830
999999829
999999828
999999827
999999826
999999825
999999824
999999823
999999822
999999821
999999820
999999819
999999818
999999817
999999816
999999815
999999814
999999813
999999812
999999811
999999810
999999809
999999808
999999807
999999806
999999805
999999804
999999803
999999802
999999801
999999800
999999799
999999798
999999797
999999796
999999795
999999794
999999793
999999792
999999791
999999790
999999789
999999788
999999787
999999786
999999785
999999784
999999783
999999782
999999781
999999780
999999779
999999778
999999777
999999776
999999775
999999774
999999773
999999772
999999771
999999770
999999769
999999768
999999767
999999766
999999765
999999764
999999763
999999762
999999761
999999760
999999759
999999758
999999757
999999756
999999755
999999754
999999753
999999752
999999751
999999750
999999749
999999748
999999747
999999746
999999745
999999744
999999743
999999742
999999741
999999740
999999739
999999738
999999737
999999736
999999735
999999734
999999733
999999732
999999731
999999730
999999729
999999728
999999727
999999726
999999725
999999724
999999723
999999722
999999721
999999720
999999719
999999718
999999717
999999716
999999715
999999714
999999713
999999712
999999711
999999710
999999709
999999708
999999707
999999706
999999705
999999704
999999703
999999702
999999701
999999700
999999699
999999698
999999697
999999696
999999695
999999694
999999693
999999692
999999691
999999690
999999689
999999688
999999687
999999686
999999685
999999684
999999683
999999682
999999681
999999680
999999679
999999678
999999677
999999676
999999675
999999674
999999673
999999672
999999671
999999670
999999669
999999668
999999667
999999666
999999665
999999664
999999663
999999662
999999661
999999660
999999659
999999658
999999657
999999656
999999655
999999654
999999653
999999652
999999651
999999650
999999649
999999648
999999647
999999646
999999645
999999644
999999643
999999642
999999641
999999640
999999639
999999638
999999637
999999636
999999635
999999634
999999633
999999632
999999631
999999630
999999629
999999628
999999627
999999626
999999625
999999624
999999623
999999622
999999621
999999620
999999619
999999618
999999617
999999616
999999615
999999614
999999613
999999612
999999611
999999610
999999609
999999608
999999607
999999606
999999605
999999604
999999603
999999602
999999601
999999600
999999599
999999598
999999597
999999596
999999595
999999594
999999593
999999592
999999591
999999590
999999589
999999588
999999587
999999586
999999585
999999584
999999583
999999582
999999581
999999580
999999579
999999578
999999577
999999576
999999575
999999574
999999573
999999572
999999571
999999570
999999569
999999568
999999567
999999566
999999565
999999564
999999563
999999562
999999561
999999560
999999559
999999558
999999557
999999556
999999555
999999554
999999553
999999552
999999551
999999550
999999549
999999548
999999547
999999546
999999545
999999544
999999543
999999542
999999541
999999540
999999539
999999538
999999537
999999536
999999535
999999534
999999533
999999532
999999531
999999530
999999529
999999528
999999527
999999526
999999525
999999524
999999523
999999522
999999521
999999520
999999519
999999518
999999517
999999516
999999515
999999514
999999513
999999512
999999511
999999510
999999509
999999508
999999507
999999506
999999505
999999504
999999503
999999502
999999501
999999500
999999499
999999498
999999497
999999496
999999495
999999494
999999493
999999492
999999491
999999490
999999489
999999488
999999487
999999486
999999485
999999484
999999483
999999482
999999481
999999480
999999479
999999478
999999477
999999476
999999475
999999474
999999473
999999472
999999471
999999470
999999469
999999468
999999467
999999466
999999465
999999464
999999463
999999462
999999461
999999460
999999459
999999458
999999457
999999456
999999455
999999454
999999453
999999452
999999451
999999450
999999449
999999448
999999447
999999446
999999445
999999444
999999443
999999442
999999441
999999440
999999439
999999438
999999437
999999436
999999435
999999434
999999433
999999432
999999431
999999430
999999429
999999428
999999427
999999426
999999425
999999424
999999423
999999422
999999421
999999420
999999419
999999418
999999417
999999416
999999415
999999414
999999413
999999412
999999411
999999410
999999409
999999408
999999407
999999406
999999405
999999404
999999403
999999402
999999401
999999400
999999399
999999398
999999397
999999396
999999395
999999394
999999393
999999392
999999391
999999390
999999389
999999388
999999387
999999386
999999385
999999384
999999383
999999382
999999381
999999380
999999379
999999378
999999377
999999376
999999375
999999374
999999373
999999372
999999371
999999370
999999369
999999368
999999367
999999366
999999365
999999364
999999363
999999362
999999361
999999360
999999359
999999358
999999357
999999356
999999355
999999354
999999353
999999352
999999351
999999350
999999349
999999348
999999347
999999346
999999345
999999344
999999343
999999342
999999341
999999340
999999339
999999338
999999337
999999336
999999335
999999334
999999333
999999332
999999331
999999330
999999329
999999328
999999327
999999326
999999325
999999324
999999323
999999322
999999321
999999320
999999319
999999318
999999317
999999316
999999315
999999314
999999313
999999312
999999311
999999310
999999309
999999308
999999307
999999306
999999305
999999304
999999303
999999302
999999301
999999300
999999299
999999298
999999297
999999296
999999295
999999294
999999293
999999292
999999291
999999290
999999289
999999288
999999287
999999286
999999285
999999284
999999283
999999282
999999281
999999280
999999279
999999278
999999277
999999276
999999275
999999274
999999273
999999272
999999271
999999270
999999269
999999268
999999267
999999266
999999265
999999264
999999263
999999262
999999261
999999260
999999259
999999258
999999257
999999256
999999255
999999254
999999253
999999252
999999251
999999250
999999249
999999248
999999247
999999246
999999245
999999244
999999243
999999242
999999241
999999240
999999239
999999238
999999237
999999236
999999235
999999234
999999233
999999232
999999231
999999230
999999229
999999228
999999227
999999226
999999225
999999224
999999223
999999222
999999221
999999220
999999219
999999218
999999217
999999216
999999215
999999214
999999213
999999212
999999211
999999210
999999209
999999208
999999207
999999206
999999205
999999204
999999203
999999202
999999201
999999200
999999199
999999198
999999197
999999196
999999195
999999194
999999193
999999192
999999191
999999190
999999189
999999188
999999187
999999186
999999185
999999184
999999183
999999182
999999181
999999180
999999179
999999178
999999177
999999176
999999175
999999174
999999173
999999172
999999171
999999170
999999169
999999168
999999167
999999166
999999165
999999164
999999163
999999162
999999161
999999160
999999159
999999158
999999157
999999156
999999155
999999154
999999153
999999152
999999151
999999150
999999149
999999148
999999147
999999146
999999145
999999144
999999143
999999142
999999141
999999140
999999139
999999138
999999137
999999136
999999135
999999134
999999133
999999132
999999131
999999130
999999129
999999128
999999127
999999126
999999125
999999124
999999123
999999122
999999121
999999120
999999119
999999118
999999117
999999116
999999115
999999114
999999113
999999112
999999111
999999110
999999109
999999108
999999107
999999106
999999105
999999104
999999103
999999102
999999101
999999100
999999099
999999098
999999097
999999096
999999095
999999094
999999093
999999092
999999091
999999090
999999089
999999088
999999087
999999086
999999085
999999084
999999083
999999082
999999081
999999080
999999079
999999078
999999077
999999076
999999075
999999074
999999073
999999072
999999071
999999070
999999069
999999068
999999067
999999066
999999065
999999064
999999063
999999062
999999061
999999060
999999059
999999058
999999057
999999056
999999055
999999054
999999053
999999052
999999051
999999050
999999049
999999048
999999047
999999046
999999045
999999044
999999043
999999042
999999041
999999040
999999039
999999038
999999037
999999036
999999035
999999034
999999033
999999032
999999031
999999030
999999029
999999028
999999027
999999026
999999025
999999024
999999023
999999022
999999021
999999020
999999019
999999018
999999017
999999016
999999015
999999014
999999013
999999012
999999011
999999010
999999009
999999008
999999007
999999006
999999005
999999004
999999003
999999002
999999001
380550151
6295002
98317928
590884503
739192651
180257612
52501639
406145212
142020527
442242933
111101338
4227258
196984931
281729339
798424240
675195400
251067110
613121961
45998870
136425399
813773766
222825366
196336911
564622508
711861768
423815795
178860025
379059742
95479103
652155726
684082920
110672062
11666299
429838266
801365449
194010725
49908205
194803370
302104791
456009245
84532174
473694796
103513548
299017869
982900874
183104189
93971499
550558333
448102213
228369099
47884160
448509533
120650817
629322759
107518666
861886901
13130291
48983123
229082681
55085178
645955080
105969212
446670058
712279867
736876450
448919613
917820996
781222116
333587921
448028365
556710773
859989843
641525919
72230512
613998592
702897322
910741778
571647509
77648849
63516083
62934027
99213689
361398361
914675321
446818423
76250201
447873426
522327568
285631472
110469660
170782345
46838730
481812874
44883797
366899019
516043734
161857275
357238843
186642938
471607940
109414082
8717428
406600392
276201645
97281013
574916944
373109639
238042212
121120389
76468521
65235610
500712666
270738336
173312484
223677140
54264456
125766156
72132046
120142350
3104666
80336978
522770
635502291
149367656
62285522
634925190
130194854
17179040
150055543
356159648
377095012
354422273
957046030
105538804
303648537
86203783
270843160
140273487
152239758
28125885
191870751
15744881
298097578
67610112
1599204
680383468
326131408
289520163
60209711
236058480
381396242
732104658
91082640
669546299
517580084
263526848
41359290
42071786
11464790
52094499
354701079
114055404
499660544
252757627
659840806
268230715
164196901
334331575
275885517
207032188
297710098
294237031
307056507
366989173
138020383
11206943
275152269
9873835
39726756
46635754
6200317
157147368
104817209
978465300
488957206
66418144
481803390
39591368
343756190
236652831
192690091
259260057
612069458
105052202
51000884
198820344
332905670
120883590
41220826
617010607
177004261
67115349
204998613
187012326
211875208
37604845
330155924
670948198
237770823
18948001
578844887
19494372
156469560
18454204
13275100
711187091
360965287
534917847
12450384
23973426
203520925
567105222
5757085
181100078
52611537
583615
30397086
96349449
654917543
562640259
117397718
34302828
4021582
7241562
53147020
169389717
63778014
261699841
487019407
15508073
234384926
559917840
676108727
301438
931072350
670634680
82447156
666138324
32243195
228907137
14673039
37172966
738516257
189108339
64673793
14752466
59080210
128318869
892797831
256970231
193589016
283787966
234888844
265930547
11738207
203992150
90373289
8626122
579691334
404825069
2313563
52526613
346573892
258146705
453670587
96632901
15837553
379988602
280744940
14981211
350759077
213727973
83242087
25441426
612360910
12240735
524008259
112019150
273594111
517681805
25903525
254020986
24832558
128381998
90127531
255251940
605968537
268994863
683040383
81431661
244714622
96209621
1712601
322539054
19986438
188415391
234677700
33647953
785690397
283878848
91780136
373530682
171317726
84761726
314901363
340060716
500601798
33273983
331276911
412773689
564071428
111563104
123033432
18633430
685525020
801212974
717381060
275001755
225082312
387892897
198990217
885557951
78726857
75513075
33325670
64026292
394419444
472387807
506930210
275216458
617959851
449858725
274364097
333653526
19313344
109822748
187171166
30274623
313929343
25155699
296505690
495640083
131957719
144686159
2856278
886228850
730390266
322191031
211367178
427949390
93127858
541190293
35251790
89593258
55266902
108630509
179439840
334634915
217331043
547430226
490155997
309658572
31542164
192089082
254708997
96839976
92680870
280622334
334382469
110391904
601765820
54645838
317799082
224089045
280671566
80726232
311282147
712279920
279538543
206736735
13622574
59036783
117358625
344033765
20585881
354537166
312101529
280046404
55724846
278163332
671773477
839922613
419013422
74487493
586165786
564730607
102283772
860849361
588273608
471068850
11815960
228719840
21713769
215112152
320616227
168662355
128375610
671917622
1260628
224503343
250290327
66438305
280431397
392313731
430669088
98431488
75248130
28243806
213473123
63184569
67737702
324889903
564253853
824627037
446896983
262738196
210233577
55600674
8203256
153096213
436923399
300086685
393076629
564736584
45623820
40926156
392921108
103633629
371754012
5785128
40597809
234352499
31602407
114759011
20026194
39051381
94894684
104752492
77778533
356896354
65050531
24140021
476788940
118635117
93351586
567608001
581771951
215460351
39120784
324586072
93398552
667668373
14193811
596630701
133315539
475582132
486731591
135460624
488762660
12281214
609682156
285405330
83541110
29773185
5000945
72858683
384790852
124665298
164857470
65228807
843623002
319531608
673585572
954375091
138017294
949422161
95539417
88353495
265784417
97690694
51111215
390216767
10001987
594134660
886113682
686332152
139876563
5877419
580314255
31545317
214924943
354505267
46109617
254312897
816007609
58695310
208803036
44064713
120394877
34966194
148181625
635384798
575198703
180392432
87100906
391385542
107849919
226376167
116288390
52274462
701130641
115652131
403308586
1611113
398408843
451858
211475648
92227431
128129611
65817138
25625704
592853951
41779829
423323692
412773164
320476236
284311037
734937451
169532664
1370356
442886032
100949785
278045594
27738287
566264826
51500371
276997588
502856981
15019491
113668184
134171179
124040183
37749544
152125528
136516138
78489719
298287197
146558691
200265875
37231870
794542227
15303833
28301346
111400522
331349968
16078238
82802600
565873322
55980054
247322652
25046524
234712720
821483605
197506293
147203767
775250260
266984204
19794449
102150099
239212917
328842119
111337726
732868453
90556792
311199036
224721766
235075898
98026699
4622431
46236906
285078859
17022128
87373175
690924242
108053207
405344573
120084214
180836780
626753268
749368945
445970336
340914476
238531941
40127410
234426576
160713320
758422189
334862653
98279471
25002640
294792286
167868508
4752612
280125977
40268878
97148746
137351118
96347135
629288077
116330392
92871727
61071337
113893233
146957917
8336258
69603216
143447328
174804248
179848114
430112715
589228901
293892540
2378098
93087385
410420772
967881258
179956591
101477918
239139095
26344981
176209863
106686911
12395751
28812164
551631520
277713944
727264593
757976245
28470595
202659526
458726156
876138571
133538758
25294695
111556700
141056739
180089666
50798006
303704018
83482147
40215549
15107771
412175572
107601675
383457880
113131684
34381756
25558084
498703358
6104541
156900916
140818061
147973499
345350849
63208826
60307422
338899484
692362048
303815152
173728798
379500484
397163710
75528628
53910831
11386991
570508762
337914917
34651149
24257348
58791478
797194248
110121789
55163075
638171729
687275424
535648383
372417033
198642834
255481938
246671871
102756095
384383679
169764871
434259023
121644979
93845584
796292063
652772750
231985052
39363866
408435116
227934767
332527203
24079355
22148019
42312374
60365030
21718115
417429256
239784868
104406430
162994932
237681669
72690152
162794751
62830472
2924520
55742391
472144836
298010323
77710357
121927874
118455420
239471251
568137945
255326645
193771451
345831067
332537091
245700170
345952152
47998079
774830882
416130793
744815330
427634530
864946606
12875018
514159897
716326206
70249642
70111128
179541470
648913277
93539142
76524277
438116739
346335
840650084
988321293
813263920
454991531
59322795
159050479
848273755
150445089
23239100
487007110
603722529
751107522
292602422
386839628
171159476
327469869
127480662
59873299
59796951
671317057
163411353
170844184
219217938
90239378
6446385
714250364
3058704
123752781
439728673
497324527
188712621
1397096
91416407
685323799
114582497
258516319
188240934
381417402
278864116
17179074
268618229
17790073
35287395
604803601
75106249
648389605
258293102
13303928
303095477
959329179
231423745
338035594
363685519
77225666
446766712
66490954
458049353
60678133
88590473
63188370
30845760
4717676
834219063
184660968
42605767
106779630
535237986
4515686
422226878
250986924
52715207
332930842
357839664
337721310
666205487
328990835
19205626
73859099
330589112
56593471
330303409
302977026
265469693
713190044
222589977
67611206
221862317
641055400
54306455
589517684
367215777
69412621
74896703
286565639
40575117
354312927
600382914
430419415
227777312
95466014
145121858
315326833
336684279
370319674
474363800
46261314
347258634
257432895
585073570
25350115
285537317
395964646
126064945
604545431
24817039
236597878
70221789
277966299
505104268
337302322
112646076
137072533
42234391
151213544
85844097
38459739
4443961
599811189
294944741
382095024
254479756
38054016
440864949
119979346
615920713
48846418
57413528
787606894
174640541
22398933
545480324
776083370
144986155
506716723
33146668
3962288
684373186
477194309
13162080
337218800
602286268
29876595
416476483
149305063
496280559
21466093
593394169
754154161
24429749
64116085
145798331
567862467
352316556
409003881
494316017
63779211
147925830
263564164
32186680
9951095
603074015
47132406
488138494
248890878
458069143
93174640
327313664
180813208
73987053
341782652
450777539
178635080
73345174
13649471
442277945
392949876
113895192
225953735
253261579
519840431
31335720
559629981
107071797
270734322
95490309
300076760
104114950
137468052
244185336
80792946
658611809
95278265
13360108
629068576
610908706
82130470
26118880
62261203
264349343
389539096
135393169
97985201
34468736
73321075
457647496
3377883
409912753
128933493
312359064
533345020
149617560
349259575
21116459
253141519
42658160
190984560
217759040
283177431
189517582
187639533
21055577
189360642
6853388
326519054
75018628
316384452
106938349
361170487
101023958
849185420
27635590
76529790
101303304
98024300
284599780
186724667
948222699
371671188
510882
230640474
142826881
89237307
17752491
329853295
65544097
277196588
537804483
252959391
233510052
59256354
75473986
891891497
278391571
371559316
852904603
101116544
445769400
406550751
38374665
514365672
117620441
381704907
1739493
23350603
72303456
2890162
30220745
75046163
164478375
130203674
105865640
280651817
130714816
180543535
150732222
361410786
25912432
39391237
161242115
266620392
398448961
37323476
224262391
224256564
428351785
12128816
473511579
100674064
827778509
30059424
113023277
26965175
304234845
180795761
493852429
79280355
54098164
222207106
197887739
4342948
467887694
121703548
229745373
311849141
128835796
64218765
266442478
191221658
288044978
509978216
120171828
37930827
157743250
8456276
5386944
133972788
12925901
4426744
110370544
349519982
284748641
772762147
87494029
276689221
278751590
110070275
257374157
273977396
80054475
521649171
122346136
365970193
107501319
27431259
14871469
56037390
242449872
21501677
35552999
680125470
15557589
7424785
233204641
168500972
610260734
885233634
156262514
19026778
721258057
96207535
445720
198244802
224326283
336852541
272171937
585289
178849486
425021072
19348148
527714965
544272402
257263979
12744827
66426293
175677812
945291936
938871784
125325526
673410892
59777591
13641465
208615257
7293534
242768140
370659094
277609892
155197338
350567453
39744133
717535483
399542
301952371
356586405
671461040
127161056
326683020
257567789
99840782
363436322
116814373
291253809
857059610
55641358
354012693
730401413
282157209
433938953
553201631
760974978
540159987
1283548
118720375
251309939
348739291
187694932
261568110
158690640
171438009
292610896
594608685
85188826
253811527
72449512
498150142
308122539
373845237
109725428
423825154
8262689
27186321
13669500
138894272
51752694
144727559
3661551
335943453
33418824
246825245
99836751
14574916
234414283
370432065
483904842
636192826
738595437
218168505
100360110
233256534
130933048
37675253
108288744
71909124
215813368
265980468
584736803
33563710
68326563
1272277
190283205
244148096
457833524
489097486
88239679
38366445
48828942
106210309
261472242
556399668
66197890
56365100
267678099
12016947
652407890
193523259
64369939
75752416
66864798
875221354
18768486
632793174
168890756
20385921
6472322
491010035
4360367
514635900
146839545
211959140
41070298
243605165
115934281
83173616
207180221
486885772
64933316
196275182
15372987
102081643
33540546
56508685
76619170
589191113
578297287
14015512
218092985
321872762
411049744
4875039
44013974
252943054
683119311
91420402
121470728
30628261
246305363
17107055
834809070
61361795
300946135
43363996
52972769
255160910
15834546
186378909
145001842
159828194
49131006
924610607
10591848
201246809
650619290
11493970
185654564
10132982
812810400
262309486
614582646
385770957
78923147
98166274
45047605
369394094
125763636
149838386
22669374
254180257
9263341
37991493
98574691
379798424
301680069
301144853
598131536
612180262
24365931
275796042
16324672
242250784
286713817
94873649
42150805
268065513
77092975
33572546
746045152
209714635
51106531
87560450
408013126
373613164
534979740
127737793
358584019
439143474
77260440
7508331
41921010
502409592
145265590
108518062
155849852
184384530
333618164
352541488
68232720
117732634
92694007
65209215
580962499
154052915
144597883
88063538
17617320
98987600
17563035
594606906
641878487
388386070
56524863
488650189
982091320
451104774
282420948
356449045
102520800
332710529
447813244
6610805
199155657
31940040
381540162
592077974
16937235
152090447
204997157
358476764
267847175
471772610
44646352
311405136
245477692
565187154
725662569
310909824
3033734
117708477
7407632
92991713
242530676
229788593
74309700
202123349
278195364
6247975
57100534
306928431
123589861
268572527
592892261
228246817
445463765
2149603
1375615
542400218
449060889
139435790
59890235
754665265
897622402
225484248
132425314
840280762
5002140
96771304
706476128
212902187
944813423
580139973
876512162
142792335
98335144
503497646
22524892
36187332
2360041
367285687
29307622
449308599
58728802
76232916
227899122
68986393
346019805
328730086
455066596
96771136
730304292
718008832
32832542
396741824
536472698
746181929
63278871
348248338
108348202
343860013
57523767
113868655
82594999
636830474
325319195
39727419
342057654
333251591
191179457
418139437
55861570
478138651
815840093
323914934
223669027
129048559
480863712
396729659
139965539
34804924
104564467
15406504
4298822
337116376
7544394
450554140
14706018
577382381
356174150
127899726
30713966
194041974
446542070
27426162
652106436
132989
129934111
12843084
5420261
204730396
327806585
286608257
470331310
408439825
10267010
33145823
199865496
204094483
295705681
142954328
117385622
296964437
491561474
913859748
749491268
595546747
216273542
40261337
653101184
90553340
150265926
84133661
515393386
955473814
764609581
51943422
99068007
553192497
277165772
168282157
609895156
941699049
485094676
75561024
364599569
72522815
135314931
8191959
630088944
261523532
260739314
408591346
210196573
189074714
751902025
186846607
679061850
5804378
200506979
838153714
68941162
329764451
53605836
111781372
149220199
10504546
83458337
298064441
89737215
30219194
801337384
50156694
417434494
3191921
258358728
211588801
282076020
11859360
377023690
67881079
187063878
49199206
374132861
871806306
56812361
759974322
79409812
66813138
142122207
136462092
850598717
328191789
704975834
536002526
71501742
588528677
63148384
220506179
523016548
165427081
8264834
620925459
178487634
118380198
32839904
351305211
250549875
718710585
515537758
391122988
216037710
456266568
182323905
56112409
287317358
413992107
73264360
87133871
62742424
56701572
92324623
151257272
958469
830468523
103131173
106619001
84974888
303932625
46645418
9936901
242214705
513897326
128347348
413749119
8987646
401874095
772387782
64079179
175860294
25418480
974967113
143333342
301541055
528541408
90797848
6066443
611993364
4592565
209842563
600023229
33332436
1093757
626910515
47443351
126786270
312775159
786325769
646880981
187071247
42093873
626874758
67205456
898021464
147166719
97450754
518880505
800710899
204392827
306381224
175443831
891804992
55336650
25526499
532758943
835726915
94007647
107526203
186629871
170340787
650385747
455605786
579546213
363765628
203826158
142253377
60050256
390769655
186697325
899180650
145484924
392380914
375397643
56609552
422279248
544384947
23424245
1326941
155998204
85666876
282149313
49168769
705934331
891157013
229303811
141607910
691125789
305766702
11683554
1280539
219830673
36376277
156567820
20739101
123941718
193816680
287993295
77785202
1113731
1744121
890015935
161804908
45899728
18750466
646896193
255334114
30679983
259679277
703053457
670025346
137679096
650099107
4468643
444873947
620552364
160530926
164627021
212103144
292148256
527194005
261424986
193517776
22533718
11817063
573368700
106491275
845155983
78521393
670075292
7266929
121541894
298170449
202550667
877621877
519415576
120084262
517044338
7223299
66662398
284815269
23771983
755105687
690897343
309173631
373683168
32083736
179086938
111630648
656413051
194125607
141720572
454808831
66251925
95662741
338082668
365485536
437294557
15002792
359883923
886236952
180480923
102189594
561266402
344140954
385342006
467960619
372307050
34419803
603156201
81212088
27904168
317284423
239452480
247642630
58078583
57413679
414528251
8005141
9012611
217483942
78970380
272809641
456745635
828810101
195194895
181387687
433331303
126810085
372660758
366339738
32164565
561898256
273073322
343196183
426627440
862670022
397778421
284004139
807651950
538921318
61773327
158861524
43064176
210906492
10496498
208723691
92356789
78740973
868614095
462321938
569386023
177358500
718007214
477527388
161621872
130403712
211438096
272555274
111961457
36471045
285841107
229176221
168069306
236899016
94841226
48389158
234160689
664581842
630638250
96035208
58852965
499564795
154257258
847373783
269297956
14156667
3026986
148000919
4932998
667936369
447503035
350108082
51878924
416135088
312765154
66770140
53386467
833064686
173940976
237769633
214954112
39627863
63644415
198002543
790027062
618441012
89765509
205862341
148346968
143626368
836783845
591112539
80015956
496134037
444060135
255942116
424905148
105788947
249796542
266004421
273304904
248457760
71056455
524572071
294006518
96667889
795766282
124687367
615524386
19369842
518691702
39088736
454637624
7686539
70201335
493596220
11866213
376733052
909958298
158360131
94916256
584452788
83099280
217278635
52052515
43913024
15800485
92572
61439643
19375167
406855437
345346577
89059575
44780746
117602159
271846933
157178182
3568820
85279505
175006931
55452708
2223393
638050103
403808194
631267537
14242231
266099552
682517499
480939787
95246939
132562488
300512041
862464302
8549443
93092748
551847444
817588300
85246742
135182888
206236830
5563454
189107402
668646670
88964758
9237070
121669759
882954427
503683391
189335895
277080270
292783425
202488984
102391412
346519949
381825745
448236327
16650681
399833894
76007876
54196912
102029147
525746140
138841286
165334314
177522972
314531668
473978961
115487973
673151295
42961572
146111237
175595784
633787238
270726395
142401440
113212762
230623239
29161541
139597409
138488359
464549974
40842887
46542291
781235684
59828274
46353061
611863470
250656430
65644489
984342048
205655381
192776224
38598400
175588698
99121034
98406218
4645134
169479563
98051857
642867415
267435147
671738624
600238261
319251481
126194096
191351247
3038652
193005742
132815543
652914968
67600199
357007277
726995499
30931674
34995156
916065254
28969513
205171922
142873596
663809890
75264796
151704909
321574527
62303068
536373954
185823740
59139376
133422279
64823329
191881653
439744810
195848214
204026676
282773950
43130282
2848793
209124526
19060989
56661877
365102680
448622661
59805014
112792241
904269426
252151191
374294294
661118668
6181692
127052668
345977016
441000742
216095653
282569944
423562935
158711659
194533293
7888618
694499272
693090339
69965779
182752695
276752059
342820208
8582247
82424608
316903613
259704837
261217
46283764
593446471
680116305
44845499
418773088
180555129
230000741
123271908
64096801
96440259
106404108
280024299
76188785
403034229
163059245
73464951
207900879
392760930
89009471
768577224
65459222
556167050
80891355
188420179
130643852
180339794
108370362
63302689
166441027
86239211
223831148
716528013
181570207
125021076
241449122
86478785
101594542
184634946
523898793
96981386
144812717
443325280
45029115
59657303
92271239
348210918
705237052
242291581
8963819
75245084
12383406
321074004
123216504
222356232
70274744
133111241
48924247
920722263
672951600
16311140
493671583
141759012
705853430
601709754
4380214
35946008
99400486
54793164
437997042
181844711
495323284
101152108
274471913
813147
707146429
129624896
517575162
133550103
292516253
528604776
508349937
52329255
50986233
97252573
133458835
214868962
65339396
281031397
635301669
20348849
74493445
77385566
23034008
1720513
754193953
104918287
66611690
326493289
15237254
160546300
95150970
141025561
463156692
113511702
559467560
64007941
259229142
36730735
87070336
137628100
229714183
12130125
445376071
430599537
276369000
531664584
275723027
102838456
550953187
234525749
861788109
995933303
316114361
188984520
106226797
155545588
685225445
118088581
493435786
327782637
8893599
206586595
305978853
329942278
152981145
22624403
2778666
511086316
48065072
87422133
281907967
21692661
368491149
72221932
11461894
236568814
271710204
548370301
520579684
153865760
6777025
78384430
366451659
731998321
27134529
374938646
64134330
24230280
113615479
447675436
244408662
363517126
24557594
2221986
461536914
243260213
65808727
50694720
274938815
129748891
46653690
241809213
281598991
550644304
57193440
98706970
663583166
556428277
330113729
430570226
116242214
510791492
229390324
93601455
561449264
292633269
25664452
132748619
47655945
353373265
451972123
47976041
169468404
28370161
25750556
179070168
21542401
453195479
159128590
30392084
741336606
60572431
80461642
156050613
73510399
412734061
493131445
214387034
288583673
44608239
163957449
33113827
12004155
373454790
620938262
874178600
282992640
211192909
164682433
182422078
71386474
217212514
110893749
512462020
99764094
15457316
9437741
7350401
314370431
402680116
57565302
114435860
7797335
139337669
114305262
1111962
95482756
20253088
258642526
52604026
742076430
230365541
360934658
9542709
308681118
333683079
113333363
256160506
316908524
166010431
285526388
17026423
703596439
225397035
107804442
988937296
63153078
14570131
427739800
324079962
81487692
396141523
272978481
70649936
655674205
61631609
48299573
124570400
432132444
306905635
118977241
252976230
5345688
244363737
24296793
147223009
436667925
211578826
596243572
74539452
36392318
772207
714038596
698610288
183267115
86953695
841660664
19111117
895790738
36824041
366433635
101653910
2155954
24226804
197398675
282108685
557753036
111452142
96619601
987411273
351990342
116409230
205107326
50578176
38992767
678094080
57589943
62125839
259648474
217348796
397503121
13251521
47808690
50704924
575793322
437059396
137044424
776818183
400732606
300677956
213004596
211264967
163762501
25415401
374924413
59307884
16844981
57741816
123756631
5963744
744197200
63312471
187278749
4414044
234808062
312299201
581400602
65227118
155595787
148858147
19087735
32378766
199922256
488895827
549001873
217661627
585557487
70318367
316512902
401153001
218278376
35813025
419788830
141227763
338815809
144333319
397518513
584162445
127834398
416914459
289285989
108018243
38363763
220095718
668383577
182629747
252632319
133169658
51630685
433775826
380953335
288065110
100657334
388608706
506151529
194201596
361714019
12321877
895999763
61839005
12513116
360851016
155380753
192812880
566318316
21920884
2008023
222844608
494616307
185023181
33688322
699364233
202412836
174871269
402742811
91909169
19632539
250330307
893542725
213292723
179430921
4373732
211899646
725447209
95933632
458435572
1186984
449817109
423142975
208737805
810036677
751498085
5160089
369300477
484811014
133274481
213889481
658532871
129760096
359375441
290339493
208052761
99979392
30993494
708482535
244689851
24284141
291132125
124208729
475042610
462859416
897674925
27906557
341707594
174235502
165590120
852217397
194675868
21394313
37423155
205287004
106503814
67091741
627159327
114922237
1686918
188187935
183128636
84282344
337881596
259203635
32296415
413015000
45772505
126768517
181495532
172732069
969226800
40489345
59974135
132408411
235339464
213552928
725352968
42981773
350854372
518615839
575892451
76147406
189334126
113038048
284973976
191866347
207986620
43059821
428497501
247800872
608041113
593364468
54777602
10612832
799333785
119770109
48261009
126534386
294196257
169892613
118090598
606510642
14274676
15072924
275123388
207961937
63394869
262029526
2075179
436425772
775057548
718575299
174150654
726687555
903120449
195513659
194522841
40757870
782122244
853813378
344856439
586436825
262023334
473550642
20841358
514869086
20306075
89962564
310464111
56317274
335613145
576360003
227446558
193356029
52594734
666351684
44397419
155020731
9194793
40232517
743463823
54804390
339571726
363882314
13426032
120813527
105564842
227260861
92519659
345158990
553009210
113945078
378023908
415006077
463370316
22383572
190988930
153028596
45643663
386020281
554466172
164767658
362875734
162752790
403354489
137032532
437657565
12234611
327792137
510973922
320883781
113570638
27618116
70516403
123300319
106824650
212630031
81113353
118738626
358017465
74013536
426427224
190581082
740076985
962288280
237376280
175610283
515105579
1483579
320340566
97398323
654024296
738030405
333285725
109799401
131795110
486873619
124386568
86935057
305861986
776088752
309338063
207116927
45862723
71259609
183552929
616406617
234930273
354995994
127110850
207983848
711909654
1796311
57365956
3583388
111965146
72689352
135169597
270029750
75686163
424381199
208483856
992369994
263025327
519836181
5224895
18378530
581497346
4172016
67089253
18300017
304851241
225408074
76821145
46822220
18191150
402486534
508064609
184015089
459843875
43225887
164196706
42666222
67965202
245673360
11536187
62578824
166483320
524266803
18064216
310784144
531970347
57822111
186974972
462784503
72296131
18426173
459899115
354903920
25214793
23968690
232545876
238112515
140633961
131146895
256885376
419270779
104271623
6233764
243948676
62791621
154590835
755505620
199707965
50726648
42376699
207207803
535725861
347517482
234507934
4239428
664038782
72955325
13044557
561159217
749340583
271551475
155302579
523459208
546928431
169924284
327750194
156353969
18310965
76928083
165201051
349225611
88049038
81782564
282487902
857961005
71248754
14549100
132380484
141118226
97039130
29064065
493323982
291904343
107184087
310408523
583234164
425862076
398087365
27656489
110666765
201454527
45798684
9750326
118757555
241396434
558215267
30079334
394197635
397891787
351076145
483769221
170574553
200034145
950649825
33721831
21848543
15749690
30066522
583268909
223062392
183585722
24786902
265089228
502125824
132416601
152013259
288606032
223621884
23559776
351797713
408633928
214816610
438965575
6273007
13119942
53501115
634899301
47485949
348763942
285439660
233979718
46388707
216842381
169311392
131520289
8559925
49099343
809679758
38965126
281303890
24974739
548818865
473886609
298116430
549863128
334617712
553481581
210565853
63389297
167631289
115820403
707703138
157213096
3947514
15453372
386930549
40694964
296350393
735060280
728299179
316792605
541757094
41911991
84435298
674545331
181014942
22889023
138339250
93674665
549647291
189339531
11964208
135533956
90673522
564175241
959118949
315238458
545085926
594851472
63970688
445662175
386899298
420269395
41346359
345968655
104478841
235734791
186199562
205484072
528303457
114202902
558060808
196809404
694348107
119321920
261020146
129059008
381318901
112130902
10732176
291783289
110072867
170025887
19722463
31717322
47002157
86604350
4770319
198867758
664607494
241714221
344180461
57712626
535635816
534282725
219753
11560637
3538485
74355321
204172572
467501800
91612199
207025683
377825890
39668461
502857466
158262038
31494900
317242170
6806000
87048673
475734617
138010086
29455673
147850497
59093556
192690997
145337613
377452182
48204683
122608952
72370124
37078591
296707463
339149177
63013058
368909758
147468455
906193491
136604437
82827472
93003835
596734838
583545188
154452804
198392169
98332367
12655010
32374636
38984169
689103603
17130938
101648266
21524876
392090702
921922950
32877163
4701153
231040505
436531787
89645376
33064740
10085203
499637648
161798776
2569526
266845609
312152165
182163574
378837037
83005417
243068102
184812866
164860979
79257013
435926683
647874613
496438495
712981622
716269349
355484519
329974664
807596211
188684277
26949866
5980780
106619253
275475954
342472
784663963
576712663
749268372
160530425
450281094
283255212
244070054
48587540
141992489
59072422
347200847
208840645
288584951
230624466
127360963
648328828
30758775
588767020
495052081
252814984
867194310
409201610
87676036
24611613
170355466
148837159
40173065
614919679
196860367
7569919
569242521
189692136
332129421
275079716
110298751
71751822
73759539
283364120
617448632
272092656
593805936
587304066
74805688
2045253
380927980
86603607
356553155
88208031
36126464
1781479
23922740
129101272
470878433
650869929
202548502
416617926
3340185
678600768
8593486
426600322
468125824
184916732
240072612
356551345
226548460
517442768
6511045
241809180
394576477
970061464
925663614
145023168
220402818
63714824
249504227
407929046
3948884
372899321
223280571
2542696
995003276
163140971
109017544
25448449
139256075
108776605
91629652
242492055
365925768
16081176
86029288
7878187
758939365
15194196
391747942
151021835
741171852
48502206
167437486
428853320
53752112
35059924
135247230
321107978
186959660
131026903
422971868
39497128
388751964
23861525
4591811
11384127
440860769
10435574
637806284
152502463
487783850
267491949
385712038
10326614
230700462
455935488
815565440
395061845
68641668
310970594
209364120
299298000
34591355
19449429
28262047
511313361
282111994
500614506
117028831
149003691
898680646
59372171
83426096
107933278
488269913
74947319
228135794
20621030
128837315
321028430
217403960
611188505
545639386
353626858
42321566
184593148
468415509
33486177
193656919
12437213
21350739
672338411
75896919
548256308
932655106
33932573
353858192
509144360
151667769
446282918
130319675
51773886
16044425
141066403
162774848
18519224
140996
16502126
34581627
283301570
173330662
82665124
242146580
131608873
144394648
908853549
178621529
225606065
549000726
33844756
5015578
394656719
185380241
231277229
366163444
47443049
12980574
19859536
75543132
291693846
411410377
130213542
209757190
411057233
498004611
443163009
179292647
578143483
840061463
122585425
559316110
57856054
18543648
249738049
567367910
6910422
128573255
144240491
74070083
50895561
469428117
76142774
33290779
460154915
326978824
214069360
149428182
387883450
325056337
47164288
537213325
535900
144139346
714910654
6049242
964404364
308031933
260311603
445191524
948861
32895324
391373255
130313526
119827325
676583
206679932
200393458
110964093
68313077
365893432
140524019
54507402
64953259
620163451
859512782
109292114
737288011
345529407
83047059
309576709
109566185
29943203
209190706
297940497
42935550
134075248
406705267
79825576
162983579
177281603
36119610
83838346
169600898
340954358
123792455
41989473
506416834
129427013
254298075
76068450
406438732
500171509
207186516
70747220
219884018
303418139
29066659
7831654
227606666
727820620
126848147
337453227
125319340
117288532
52009781
251833700
205994501
14718536
231947
216071427
304677814
464587723
70499186
557911370
6587395
110809041
404647005
9625050
654313189
55588062
47595461
250254600
24551772
200762374
77659825
14269733
384481068
127604051
129471165
6813624
184262749
99042458
360770482
51870475
55790065
4360439
199351310
280526643
686359773
190127210
450263622
26083346
29675269
66460153
55847170
2614285
341755759
50982110
59752405
351232870
24070617
592960152
4031386
550168119
92493767
16467858
472819595
317200446
368030189
17829883
10407300
112108569
96867384
35758659
342096670
88656941
72630134
202726404
235765854
179651995
82904899
184904227
30690919
10821031
205581674
21049899
12065477
539205414
833848430
987890211
288927938
815959512
94628459
197821024
559748468
400095337
237483538
52738534
247814239
110383731
60183553
415770494
51378539
857811673
139276879
13230775
51576344
38352567
3886235
118097783
27814771
6130443
187444262
151352330
131961039
130557308
435631836
43044756
26871730
197459973
142179888
456996926
924612750
469508912
86609709
413035005
226994276
305607785
350247246
485415891
11010737
45464415
302146865
433606424
63800374
40465086
73765215
50702546
665112353
520016071
232449685
474709754
311001902
490452164
682373308
35154794
268762208
273258821
265956354
51429976
735022363
108673173
483540821
243848189
100389812
56011071
151996660
239687820
424566262
345173559
23958566
508413164
34336958
4473392
85494821
22866543
382479336
139172550
279774847
767700045
303718820
122744697
226167996
168263387
157254626
870077641
278953023
241763386
157520450
262672422
112375096
332908306
479212662
3983161
625224
106743002
380483984
612980215
590173779
631620120
16562334
742378067
254312981
296269523
613558838
151980074
501696683
455832002
151826297
352877667
320091447
571770558
800764962
312751607
546202532
189437059
283469452
26959790
397329494
617060014
54719659
497575372
690135384
47823512
204190788
38183415
299662262
232050154
367964999
96898540
59966801
24998743
27440728
23333870
3345179
21595185
599666645
38812932
5088651
81899091
189245819
197677044
463529346
223228992
445182394
458643492
739783417
483625618
190926564
354864537
551843959
96307332
16491064
313298438
699304951
769742493
19776102
348028591
154455753
195387799
185914452
363659535
190241678
184185626
5147856
23277904
248927182
91073232
76255038
110447306
1925639
78092209
582242537
233737143
39574982
172277941
209800051
398726404
23706078
631069335
292605813
8539116
177806129
319745326
382228950
11213686
38466878
286673800
154357350
2407194
812401697
29618686
313137385
6332196
743187961
905914634
174487071
250816939
674629686
158876764
256596322
36650616
86784484
24986903
128216957
34911917
34042027
172472837
353380882
410808777
267225974
36978199
172705345
4194187
827675406
295681978
393524504
145222673
495987263
32332285
48453941
186632015
314000188
313576031
51007747
118080635
150199570
2087056
852965515
197744322
15420171
328960480
124579248
57830892
228670687
381111090
2727796
647575050
120424676
123093910
2329429
184869388
372419079
231688851
46802113
367531945
498054059
388222369
210622605
179712634
97788198
444950755
876177902
431909612
403388216
134559652
93114346
298984855
451590587
222597698
275149086
262304119
13028077
398510628
269716391
27564277
268717068
602659153
401709408
540972038
8174663
430743823
62673284
246157176
20684544
30624231
36058228
234569050
49933
43195082
365395472
72819320
267362076
432571128
253464747
293817568
367530972
319170451
52297086
256036462
30385069
214546159
133901145
165380033
182075286
104944820
83380160
83037950
508680483
297784852
657515845
539428561
131514113
61268522
56283545
268277359
113467286
415365023
14078940
32837869
186932402
446076052
30206929
6393551
101037269
239918614
56640487
182449086
582608734
410954518
73746080
30370929
154119270
92975185
25519475
430813965
217607959
1452927
287160331
89729543
28146744
912666504
56778058
508565238
38125555
130308080
493124047
50337858
176100866
126931118
556292400
83343304
444867263
74145244
167329547
285982969
301315185
269960566
327695513
463171533
38389422
146172212
167657203
301776244
56451706
22923897
465109211
478369236
445137489
430832603
24919898
575469779
948054517
408765804
63959346
10126803
256993594
322996768
680567246
278376775
571036908
436657592
486500508
90632674
196939536
37743304
250659510
35572852
24044963
51434551
372261475
109286084
21109998
354955766
53867670
409923000
506490249
299253514
367615326
592269517
168836432
232998750
261878034
316826123
861362390
147688922
735430611
110347964
672464225
12038354
57416146
401341384
695448347
107925388
104786293
85944965
98558100
78987784
11104459
344005625
31910034
45130971
655017072
8128635
62451724
20212303
453231530
219337312
378174108
124440427
213131204
621447375
135560597
204365455
227801617
183380986
47983368
79551552
244117810
874194233
34643841
863176516
172625473
188973874
85680183
91158404
608762842
534974017
264818026
375642873
426388739
130492690
357949885
69264856
5019236
41224340
70500033
463258068
442611874
657533958
231067981
377428238
102696138
46130325
39566060
470057111
117470724
246006847
243411200
125549796
528772219
712487000
602114481
260900774
15298512
951270475
28789286
122269358
116769850
53005755
159082434
35721952
667602560
528597477
370753338
407565770
4640876
50948302
549630864
90089684
200948868
357354557
106392349
409131732
28664691
7980665
368331500
177311047
98671555
335662578
270652711
74485103
591933870
23469056
103720120
13734850
293928589
98972109
121556535
125315039
327634155
55450654
247025228
54788232
608428011
31878889
166840557
336395328
386536281
109788393
237321181
43230636
236673288
3262875
43929177
54468604
591572612
416030822
210604686
250107366
28419901
220728687
671155
10336765
448440322
620410188
57666192
64194819
12017999
127901773
118324234
24664300
691986549
192810615
6217672
130168122
11427605
530599812
74466808
423864297
22272917
720414799
150575055
260199473
17429133
63575969
505706393
44810638
806867653
110839608
10115018
421238568
116876982
98865092
85768460
742517453
210315123
161768909
297727341
52453496
343311031
53385113
285549063
215648850
18031757
189798950
98778816
13261391
50234533
122404300
588157257
1510246
255891521
140779497
780789578
160135020
11074690
195651776
538480188
849876942
170305438
41079873
551108929
27735012
491375812
190714646
268705557
17198477
15876194
195051810
123413231
204682846
517541714
50293526
310056569
159233881
208729722
25011760
457275784
34009172
258558358
242695853
270205709
299108564
106353961
500426922
156615678
138604505
604653854
73951476
43366340
139800426
27431954
253819411
115678498
82038046
509652502
90393872
290255752
295986871
558202259
720552419
54116376
39747251
814855126
193386949
19877132
470195506
79764142
224313055
422189640
42976627
348939466
261903904
114725692
462878433
454843390
251020946
547754222
2306940
182744877
57298182
462211463
549202109
91256404
76676252
581902146
193179943
172486921
161776568
35286301
487943620
482653390
166315928
80420402
99480023
422191995
960283855
946456221
157402880
43324528
141103300
505383808
867276284
325223782
5533872
85151657
39735766
540082857
85947650
182467786
33252639
143426612
27996252
708409016
411901467
262048177
669606508
5987988
13182025
17831697
563458134
9762403
803079727
27798247
144325910
113261469
261913615
286391525
165615387
583334268
23858381
439436452
315443460
860328338
514100542
76419106
28978808
341298379
52665048
8911587
65398061
246354657
105493794
85779272
127755454
723089873
7262753
344900374
347419008
240056115
81723588
199767895
11760206
141559368
155570554
17124993
188415547
284016480
345344581
58847497
14526162
21691941
249056091
316493026
131102376
42506433
573578516
140935143
230667915
408522085
63211002
363273132
842699410
507001708
413064766
114553590
616789235
462248696
314780134
163681480
156990082
47061165
18680300
50312278
9123988
24441506
62518874
685421028
411672794
255049873
320210061
226824997
1004760
10376985
185490162
37789238
186912131
160566173
8720583
660473832
82737879
63307577
434439671
8839424
842101130
463971963
152318602
238112362
233432583
361399341
141341796
347658074
18224305
60045700
191096507
219470787
319052014
282193014
347411891
44762760
352839989
290288305
181901130
265067
291496499
1312123
539801551
74199917
367365086
435868118
21441
278604313
122803937
403153357
747050459
69286747
739312068
125457921
6796516
6099625
456178613
503423311
148099789
132772921
72879461
140560978
62550635
334282655
37729622
163230240
288214554
290280435
222809420
30925252
63266531
156208979
7504378
62622205
398670300
415193077
1061809
94236358
59340142
10292415
219249115
61782108
457982467
507679353
641842534
453194673
165676178
119426292
417957060
286047574
140346055
787668721
41037445
5884353
259302941
842567598
56516052
25429091
193913343
172075428
536999943
369438463
363146463
292392179
551256998
7838736
380758953
595238946
648602084
1702371
156896586
602526759
44041138
206439354
640718387
311097910
539907917
435795582
41619190
675725684
655512599
11959678
3251009
163692932
96919152
476782483
399346823
185864020
118518993
6174535
772865912
403147889
125962466
760062939
401474498
520908169
502179215
61992180
357616008
372260852
5656052
38159791
221767084
540057303
581040932
66947543
924418951
569840496
512033068
143233616
156436414
41447687
1323949
439079715
778845820
201251157
354819409
23087113
184964132
199462562
409830531
376485102
765069200
419153405
42742470
198685012
80362052
139314011
102227275
26916480
71581297
138664050
256496968
80195529
269725504
724045157
461207095
9237958
25971916
650491298
438452440
466761431
316230937
1002755
740070481
388831293
641175444
941350677
31920576
188857366
703305135
543468055
143794519
58344976
90857770
731491541
349347413
699527129
22363148
261327142
379541860
40135457
695791644
74248350
359618463
257444071
12423924
288179677
100697822
276553212
588886123
306044261
184349582
40899416
139600728
112811737
161803749
73845845
355989701
29261802
256741191
156695653
272379391
148775932
507387589
439421191
950447681
837800121
411605474
105628893
639213498
394568981
529235068
39343827
23699411
303921776
748384704
27172173
111032942
80196652
630180720
48214903
6461501
84169290
18377717
17553232
694589041
11925665
342746530
255130152
156795153
105007120
15631565
470643828
26623066
410914406
108740693
162186438
97543457
30469384
56997562
129571526
240262115
193302877
11435464
143180631
19743320
52503852
530304
743235
103240204
472971450
203438443
116745547
300472724
312332020
179197754
559555888
294638550
264037139
466716458
351351551
297315724
384770820
475111408
26919277
299311187
348262529
13703957
144672393
89513733
622848424
184500217
88044012
581682874
385269163
787857111
589719608
524365481
49864287
206567423
74644601
407218097
136577582
70650111
10177320
759695004
305314220
495441677
585900556
277078312
410178299
121333020
520112879
58222769
873579302
248990144
493679064
58966924
520033501
172379956
720558995
97252059
29047635
666162629
343893432
498184275
64744996
132181548
92971510
94073472
15906463
61026734
329084433
7709887
256670327
229118390
3058993
29578254
192124260
30202544
63178308
89740367
78680387
8908202
229196917
71502749
26913793
93380379
171298893
105577557
12773862
28980701
478607473
96272000
286992877
531687374
123782080
172350484
5725754
296778882
18476900
557455948
391114051
105907275
219870988
178707270
27463910
763769380
78391035
141741682
155871793
203271080
453177896
634739965
734558046
93282264
186261487
72687136
92545047
25998811
70053115
577601636
317559182
71782020
579019562
644679641
7998798
173985282
158746739
289027179
106978329
225499120
262053317
321375055
314993016
362187302
20925765
1357378
269810272
48861335
431271516
143713789
343641461
187195130
557393663
233892449
392758982
63150866
364462101
93461530
331424434
654082291
33876864
319860816
140204502
11208084
345828925
384152077
140902497
50407863
1659230
229966088
247879703
26078085
31248674
141641705
30357764
93875409
379589644
58543508
283700329
286464146
785836023
11394527
294601067
138816190
121983315
460002707
124701053
147611351
498887382
94536000
187929169
252888125
49815761
379882434
168500024
78654051
76645299
124218127
14517037
668954333
10322451
981330233
36564654
316061131
18073181
688021261
656820317
643422635
300037274
151559080
26668615
246563055
347128208
102307790
73967505
234049769
328357511
159714225
380533037
350235585
419115401
533623936
106264537
38703293
178656096
61522474
680925923
135900267
96638131
441417919
141092965
51133236
116844119
586827831
120632619
60393290
149537069
739708094
298238612
98969375
297729109
217455590
2858634
8699095
577168638
239020342
146900737
375106104
353577256
14592480
289009202
410695310
248135409
205588195
254280481
107071958
314499585
1990024
41940258
228608018
99026111
604665051
3012256
476585381
98800571
92726369
9423701
46790093
64673883
175275787
726142117
403670088
182878263
130129000
242717576
540357029
410192146
95195828
908150021
194631982
637140994
40915976
4346449
432415695
89534071
104014247
62975701
778081127
167820787
932448291
124310114
556111237
183979811
5156115
171764489
620015102
421061240
133826146
610995884
87972849
7537653
33078813
676450837
395251111
112529890
215622317
4229603
64356013
278106497
635108628
57255511
387373793
283355768
74751864
257336225
1018052
28656717
52357010
55359335
598399723
21205666
245133548
74954799
410958822
113455773
638179371
124604845
315028111
5024471
253646112
728457156
8788206
137061444
520210451
88539493
439646625
910666136
171839493
268770566
439223701
58832394
343170269
175208
1428114
598906879
202135444
588001454
70848586
54356535
314842671
985711018
125890225
421307258
259008831
87548571
13021827
542953519
163664132
724465135
344345123
786368661
245745854
603586434
28733211
152558508
146833619
124836801
443260133
57098115
120411568
174766067
230587503
634455312
134416824
198919253
26447592
222466285
38058294
140103325
530658856
535592845
14831523
26403988
721232501
141777291
219768990
226200578
383059914
10659980
996370128
17924235
728571730
365744715
1237153
442078869
124986993
191802897
535773809
161492117
323828847
326616730
412977674
336091451
1264839
535929110
347521217
24356590
90667407
21465441
694293314
37932746
78948051
128172533
225409
114396278
573543941
774171705
502256774
151733437
90877459
246648609
417569639
195955411
88094947
154009266
198227149
46256909
430527653
143340332
5137042
40878732
292558378
25941376
524305816
125427396
103304552
5117475
350889485
771085139
29902585
486356547
651762200
43741206
216214584
408049847
917774465
564753318
61355915
141607916
292126875
123991950
377303274
499641525
29972085
68530961
99463032
170138357
285981166
165556996
40454842
241859878
128184735
732094015
583695119
412378410
23778713
56835671
173217548
108273838
398001272
209084351
4657924
17174833
553485827
617691543
271836840
72732157
209947263
353288836
125294744
706834017
99420562
708130310
40509478
15592007
8429227
244543801
25631471
104866307
1148457
5435026
615332026
3097067
519341426
425433710
376669814
96312569
594167636
554679376
227653828
10038265
23792308
188933219
183656602
103115395
114077710
51255940
326472816
99710781
560141975
128838069
46271974
556520877
790180243
202112911
46974668
41789680
802485057
267071164
719832985
127216209
302342923
382704908
447063326
207010711
212198295
340243111
165763695
171894502
47645360
219267429
132619411
133957973
561608409
192218196
209472084
270058411
30728281
178134784
11919972
161924637
71899465
66136493
79000575
396465290
23463626
279287354
231157207
22109481
329515864
308564402
69724805
213569112
143360037
187080059
582655514
106713469
457572065
357675240
65017684
185669642
409461701
554290207
67665612
91221877
70469301
583671828
270157514
232529746
54850069
908491547
14625961
271723215
6130448
312860411
33000308
110321781
90388392
73747202
13564645
363484605
215635065
661128530
833155556
191931027
106333971
418835593
123192993
7374696
91680178
778992874
185339298
14628901
5010841
12493594
37996
278185
457310454
134899559
428738027
106232208
188369097
97910744
185600385
27767069
218775917
137919598
3954767
129314781
367515525
190626722
295000229
160809614
104120052
912043280
105068661
526917413
384142308
41725307
193786815
183650440
240508494
235459495
449895893
551685141
194333904
227721993
386894339
190092163
389968112
38860831
71902247
131960576
165069927
699527389
171984707
42182708
697702489
381673892
462326510
270942110
942670135
272224996
78045363
99109841
235244355
602721
224863681
16648822
15072223
385236461
122997700
385577987
26837320
641932994
366174779
230922331
87489979
338880162
850335559
56099856
649642678
507245108
246019873
292382174
937441183
143091867
22139235
760219195
313195957
804346026
273050863
851232885
39003922
89942599
99133147
274032602
168381633
219069472
287157807
901433421
406977172
47678061
124173492
349762330
292449266
15292664
209773127
206696484
255393996
182508851
74666661
246907985
52402085
377724670
480433928
678763464
281466331
81256512
129602247
403406
482770195
128397618
460721668
536724502
65931586
202727168
976008732
809176956
358891556
372026967
576469965
301394762
39758082
293347740
92575158
521430804
360976833
244550553
350740274
196880973
304371404
17428563
5300649
103385212
331585766
48947333
121313
259553713
188775505
15756052
65823287
19825185
405538493
665273446
2932375
281881056
137748266
202907172
255396393
4789462
101559521
780579440
417733430
143974358
246360025
259505430
579497483
604945481
224567501
97925118
432322188
263362358
16815984
463191720
398573329
350474641
1984804
934535033
26513285
690897726
416360488
121463260
398545177
249982868
30931116
215432546
90723509
576644533
172431781
334180811
463693870
24606320
150716652
332383996
847960821
631087586
193714672
320662628
172058445
713013381
158318252
17365015
446668360
212443945
74225827
484804432
15435171
335927865
37950166
481583955
573342650
29230596
679373522
437597307
118705076
173851993
38729939
401919934
400304892
241153187
347492067
231881653
119477907
72835525
77839156
31746862
6473154
5149416
38226782
387691942
318974152
122545742
14945628
71620517
297659293
20966899
430153449
171106272
55645800
542730986
165677517
240970462
107546858
282246489
36091899
314177914
252144398
283400004
36417299
390917668
76654604
156556845
196372551
100613729
260022873
2067648
69780602
361025127
166460635
741279290
48025132
458216916
125823867
364334977
727018510
97106060
7066569
867432960
757144790
1436897
545549772
23865451
120761073
181019356
67896798
315974256
134043077
454757766
312523203
305813383
160110206
54709305
52730877
278216197
651265628
237717564
149026424
78382346
524339974
203966194
638531432
514284433
89944515
409239451
46768543
605488397
273948657
295252298
3542977
41309113
293168590
35224154
349715895
243860030
255898927
664076761
731574849
145099028
629771793
124587776
224557455
264626437
14483507
8816589
314049783
747404877
54725101
87796833
268694340
73142351
82891998
27319038
54306081
61560890
705775902
53837041
189653150
563626224
328013084
42425042
270976673
209318775
507450242
369425922
34314803
88021321
581150119
78135634
278968061
43638130
121677382
108764642
15529127
53950016
463353101
80540998
553915856
302658901
132265033
230983445
251742958
407158739
945799000
346181616
596803754
107722328
95723965
436538058
361989784
123489743
232978084
62811442
114208935
113519433
129793423
13348323
150433214
475379337
320036309
81281542
286864684
6053386
193156113
96901189
221062509
32697387
830319794
48715511
54723029
13983785
866595555
23045974
392111853
51362369
151477975
436828306
95776497
12484692
391803192
21754695
32319185
116480740
247730427
916925323
315618140
188517839
478677064
472174653
375690046
306045154
488357455
38854078
3900622
983201
11168103
23523600
331938043
398223941
82067302
270406485
15766241
15006645
31710017
517495138
53567943
93188439
121399587
11069654
38649092
823294457
149942300
12056585
267980731
13430304
565872272
2957266
16864760
644405750
233683922
277390498
674607323
519654296
483683333
292891164
4559459
547692051
260633049
120826778
19277107
44016221
98268919
603577761
890002848
614614514
82425100
113912780
373408254
5536374
199382602
300520190
47387411
199706020
51780544
6793500
336594332
356741682
15411457
328614473
381621097
433163266
108916318
39321896
253017555
304956476
397698759
12805523
248387919
118802614
159027646
126239945
735065386
464286580
260106965
74769222
306320827
150101229
360246170
87542047
246116135
126736949
177663153
224782617
878161599
221642955
646645181
12650261
144563796
872254599
425633885
253936748
240307031
252404348
10689769
612417533
138282805
442794617
145966478
480013716
224557358
349509241
59739500
265706669
370237458
7435993
420477866
172318672
310063652
3309250
231775902
284506983
421847834
362093635
469468178
160131821
56348485
271614177
41365681
48748713
28783910
339943968
14019763
814900347
151683762
71486882
123651517
269337461
45122464
434377072
250936205
284376024
333639831
215676273
134806988
186659820
16959010
788325167
102686031
89648316
302616538
189944470
24543273
124869741
41003563
16472892
425918931
359009854
167174965
146205892
574599536
456686135
128028363
366487893
326515405
871809758
213949613
584301894
755800754
244575741
594868657
19860443
46396969
108747476
946337083
11739859
79631966
22351059
274654347
77372509
164052338
294675832
19469385
96083524
100143269
246054941
2058917
67397917
442652925
736744083
256778775
402959041
143680145
70289489
8063523
2208577
224524779
138061594
628386574
61159143
62291582
655308321
195675507
358457986
285113193
387185043
78142838
495069725
67232989
148360719
271095912
621246266
758920582
57293532
340092033
250498006
15691689
232895130
48651565
178574882
201429826
53484074
933901000
53390854
527622253
725426904
201413658
8180230
313116715
449106187
22351712
452299209
5132067
710030824
264224683
627000019
311245586
426038945
101166327
453043080
113004977
16234851
31085864
308100289
460085435
305912049
598991632
610934948
239508590
222242095
29455858
245601282
70862160
512345
578337627
182680894
881246796
34591052
568379770
9697541
495208408
522244594
21928906
157523688
606161674
24761860
425967126
34438448
49781800
255253301
1215394
209850028
33592257
225142210
225651806
158391962
251347924
144901917
58366080
27124757
721512130
102813267
290191366
671209558
236839209
9597883
444045458
140212302
728526820
10375732
637694795
117776211
3176240
483598581
61724099
241876113
105134322
452209750
370979396
379960691
67757481
442757381
540066918
42091611
272960306
2752970
192734576
519435201
421182370
522143691
663608788
814818807
34092187
530527117
18890191
452102967
448679207
293962476
623612145
163506353
314417668
725891088
719272374
150441385
21185029
310108404
251711730
80348292
638614424
459078127
652813696
347567615
970731276
951975532
757690715
48268882
582460453
401063842
27443185
83661716
282321549
50170657
10158060
43998119
78923072
425940429
114794028
301010034
242331954
473405958
55384293
215973410
105151286
404790277
434200566
453901315
223991997
76944578
46944690
345732726
7027573
86031577
819288144
32776355
272671680
206298617
19302797
325166205
337242195
167323182
32796584
544807125
233478501
3181777
576205993
26807574
347263870
43214809
372399026
57373060
57272286
651164379
347395987
48919901
610616368
38833439
65292227
289012027
315793476
334070731
481205602
68430920
152157121
789118700
358616350
6612630
278910589
46548289
100032464
289808980
326581582
421109344
474333789
217560799
769291640
224871087
259254422
16067710
904264617
139172514
586151358
164622425
136054564
33880703
77324954
412000167
191064667
118848006
7196724
228190240
12034032
2884340
223221949
186777571
41171556
34818505
339411662
74473292
243296423
351724645
120762006
105355563
203423215
162439314
230644822
699488327
32480010
430171164
387760870
73993207
94140138
340813965
447972652
640475367
211813414
252628857
373812898
4487442
254461830
872488604
115305021
12037298
371826438
127896442
351194699
4229584
444795827
643562215
340668615
496612204
59788406
619810648
392136964
175792332
22064356
408029911
196402805
934799938
466607466
61078223
322380590
694447717
337180520
911665317
631815874
921004280
8117808
474740027
51889916
20108684
199152272
733137521
23070178
781149752
797569488
223488281
85419585
462389846
51912103
71376685
251897928
92242487
225145396
472206642
399105644
50212113
10529430
66066844
1717273
647643321
367975900
267661431
76158883
536311230
484789346
158489544
179918684
446050484
134897159
401024839
485969403
87702086
645613788
143562930
320422241
365849280
102236861
281798508
865386
441387386
62086752
105240635
716717261
48568350
111125727
665872067
815425715
115472838
240530310
628574298
236946980
44069678
176926723
531650174
32715627
7978690
56478423
340786
172373185
270565937
792593126
21851571
74657523
381144256
225036871
394458393
346647835
25227611
267011617
787859848
233649070
474676399
177498152
148364180
626988018
225943180
30715410
69022590
35350154
40183891
196122247
363878925
707889593
189522278
322196567
41357840
126534765
21402600
34082798
72668373
10524623
127225061
471735303
308726480
780837731
22111743
148993880
38199614
589766787
61946747
14878300
47129746
78031372
94274982
83538486
710974836
158007922
411194781
71688300
431304255
165753552
551346596
772006941
523020642
171056958
111469762
85830965
385729341
154741201
149247489
452818504
304062200
190678776
222143366
246310187
306311852
622338915
404259064
125212001
54870488
386567623
699995403
447477810
84726804
5704966
101778285
437284125
122684650
17362634
66986520
247185393
179500571
273682734
330633905
41275330
100187300
130341314
102815539
290241205
135670741
350294644
844950083
936034754
236898798
12944343
113154474
235537155
181661609
241993295
106401736
55776173
188044592
442121740
199879178
200103196
9877807
14062588
113462942
295656459
19300659
193614039
75945173
453771726
607582277
431119734
134940797
253399308
8787848
134866683
183785439
397053446
404416147
583558228
54253177
283871312
8719867
164821105
211191017
951155743
311838500
98092592
100997095
14197320
105471885
50100648
620399586
4792701
202118761
560869744
242834502
139946156
185113103
59382031
628883826
119352228
941902
351245655
116967865
105068780
170169446
705612044
34042298
133437365
137360702
262713964
325357349
131302554
12551705
631339910
378708669
9841423
224442130
67713810
317553004
123185231
336070724
681072107
99345331
70718221
157035264
256857824
226298141
190703915
5636532
344369527
60783743
79208787
108981473
13763465
401812838
64030100
674604267
128909194
120138832
42482634
13747565
35415402
3259084
42090167
174378838
427373125
104318631
862049665
66913446
62787297
821304105
52447163
105073499
57752441
628067472
182703548
940923699
223110429
157733446
263300635
446795341
36745037
398051408
2649859
51477837
491159349
395942597
334828852
256154213
317207324
285636301
178140382
639839234
64079410
359944749
9003573
47116374
76411656
351106410
318436919
111284697
693886457
672049021
161956835
162263139
156178352
97357271
2724730
219579367
788573539
910300757
167727810
8852269
647277206
280492393
222471732
475202607
333335200
26644809
160726605
62427673
368007054
686913522
25823509
50964932
791209073
343153048
25646580
203399642
58149960
480626959
380422268
427261862
72629677
481473319
560271666
643394325
202264684
431955054
157849439
63331363
324686742
230333172
25687980
87893624
97224423
111123778
404409254
304036642
10872529
899183092
191307128
460670937
315825305
3641432
37515390
59340694
86072452
972968969
438931784
259309400
63035124
3802325
329287698
76239592
97233992
35007642
51929900
89387008
263161635
279034282
566502957
75817960
379876643
214186160
107579751
10243321
414030292
331470773
114461009
31151926
918210909
161366296
124657921
451777869
169235629
5537262
40086600
13293854
407370808
137463927
42536805
773640763
333267852
59588757
102749332
5837180
376988264
166049135
853641763
64539555
375490237
155406159
307570
680758820
33411994
158760238
516176209
371213143
253536944
8148455
83507382
538454093
279912744
819810881
33526454
261843715
313664753
15533472
367454925
645681517
58126806
856584536
278048765
986646688
547858006
224316377
183125620
157672187
241266399
149510388
297028670
501800115
104262116
369319184
97652840
46198937
265152536
64353742
46717606
734677845
636415828
37481377
271256233
24847639
252290167
544819870
538955
604315570
180408082
31114255
166063263
225904809
136781818
226853447
105142360
79964772
46840576
558120445
222231635
6109901
704070983
449640743
194578145
593083962
555883992
143787987
226201019
135765111
148190362
184025094
580656689
164254772
209656471
257371016
93788654
708921211
269650040
553356212
15547429
897464717
577069726
70638003
109432800
189750503
37521917
58051247
74455325
345428814
122332432
176214476
202621663
441155355
61220534
137542226
1639499
350459800
464561201
287313350
93823177
262606961
23625672
578099186
207997503
242720217
596920819
63895402
214665087
116379228
72769435
185221764
63637038
28853064
68552250
726757914
15019598
4839059
33582006
266427174
38113321
350415361
64245131
53924283
196198796
8862386
27850423
163733082
323960236
156995553
129553221
137644569
91783044
252966506
139655910
132344842
328022623
60227780
607027989
363494435
314821043
151351335
184298350
6576989
90929860
73646242
231265267
852609
493284486
262879162
210518622
365926380
997874193
285056244
288205957
141935532
393518507
716879063
398460326
502682321
864549297
186796326
160141836
67447157
522694653
61734921
514579012
105749331
82303299
7135906
427819015
622309586
286507129
645544767
234617004
363059773
187110121
312283264
340558446
31652022
117841238
291210096
20994120
619147217
67113550
568693097
24048502
181994413
929490997
197754319
74895709
488042737
313300314
373012324
77000540
176473942
60081704
210619045
275709472
389780935
115927701
355248918
148356368
32000487
116161505
411808978
482066916
8283501
128943035
40376868
140809458
613734457
339932809
67287771
59728509
435382191
320864040
134992522
24373946
111468366
21343602
188786996
76458082
76080295
157334971
280210325
72739637
393568904
101708091
411057402
328499581
103089027
108771672
58912280
292879906
107689268
447604027
368098960
53682049
575556565
28299948
310802547
28176468
406898007
137808018
81628865
806566638
550853480
162566203
407013190
910831139
233931456
60664468
620577443
92790482
471008767
312724523
252850982
368453809
306794215
2424954
557416105
263572816
61951514
689716321
36309986
243721270
38142340
5046462
44496395
67592989
216793186
824945060
88268568
66289215
518863662
356249357
232431979
84771994
52620612
265554059
669354768
276452016
796235284
118255857
214176502
122499784
441524623
3068866
384506208
77427709
6340554
42192635
97828038
18930447
913558356
184154334
7869020
213053730
101576473
446018816
313090628
76535802
468746026
283546209
229840088
15138644
456471855
20522281
479616346
367932728
215855171
61018855
480450078
926443199
146678296
269386742
50855138
142273689
491595
180242565
628102812
273328996
203069669
13184699
6127672
293917093
333488509
136194173
441944561
494974840
92293481
784525423
259951672
63325430
537112820
121669516
78085967
5486247
254409984
47632509
151843069
254426628
153822357
37306063
672996313
590791132
74659145
610668386
27676105
94333885
841569837
587738664
127051976
284909566
180958870
42785087
84212332
61050769
356214462
921615458
507438235
361499410
471464352
217790819
61412467
186198595
146524572
23363555
708323388
72299686
69691865
323760462
553294448
570392919
56434122
85643964
25078477
470275714
73595616
738745813
349816270
342829572
473690635
526699238
522511624
374073999
336783717
234201189
169553336
74297939
273873111
41173299
156371591
10508077
153893324
124798032
80080755
49567938
96035249
94373059
432043278
22065543
226484499
238393882
17222139
379712014
5329117
70554708
262145401
53036702
496963193
181893799
226059613
122111079
48228858
862407593
25648547
476685969
617488983
80351901
840468967
649395761
271216820
539137620
287115669
274658714
338526146
113254145
594340129
618979790
136347941
330874597
67325294
38619477
2637098
453757321
199293106
779305587
384908371
15503524
458684
6075602
137172719
142776802
15436429
303980881
20474618
509557279
26400404
250911468
6584612
41565853
303829
17969651
9771887
203233501
37735091
371302466
819382922
83173401
313958866
203479958
133436358
9560802
342376524
281715446
364365882
42071518
124821685
113909970
252191237
231249048
374852702
544262020
184762448
704779882
221041124
365277008
33987059
14519451
118503765
7102471
55040114
283501539
252450568
291329331
163002381
680978656
264772928
475668506
8102358
36418368
9137893
225843922
203029755
461000212
420682590
296799717
250702226
20974260
110046735
592759944
27208548
432220856
340741006
421118792
86574355
258955382
57954710
481815717
856972428
18012149
272192402
186224731
298072228
86796388
79151900
232706434
90574120
302425981
205315675
245530069
61048719
138208155
28943751
15114892
5221198
486614909
158224764
290006862
769218629
93892321
358808855
127018112
46731367
61951978
364941960
786080100
276953434
193110091
372829217
16946771
761135659
185672998
147475151
696089600
209831306
19458406
2621523
11904475
70750157
286111077
709467857
94115238
131418278
73867887
55888434
109813319
263598761
78227359
14676916
7819355
13967584
126156199
50689054
450300830
1583582
186916157
489028445
669683261
271367231
86927575
409169939
14598797
643453986
34713654
70208808
27284286
464415868
140531858
11455020
93933907
63413563
312027639
166541932
42150190
616616853
606299373
125365234
107358731
427485841
615476913
52874034
718819205
234198953
359863442
4138313
4334211
160837834
25086017
402943200
139051673
42639172
712572444
147667514
343433017
70685575
252687744
126951908
1646078
384147692
9103446
609886
142186010
124029142
690320581
309679535
131779442
61141435
52032991
126739522
633027703
557840556
70663647
171443557
222187233
172678706
94232322
399657322
56123050
788196947
3438960
7417499
79672447
254100441
110646082
170295335
287887073
596911714
374886970
113178364
28360694
26359229
523122343
82952897
321785467
369360604
408466999
39832391
162974521
144510139
323545876
30925484
15245308
515429720
143892622
677427461
56783874
3316644
295197300
93381123
89531669
100729676
50748734
45676647
262205815
256701387
38920713
563022682
391039498
119424520
177096098
398570082
134665449
199160195
34941600
261575278
414958188
1970869
318031952
53895685
258296486
551072359
784984089
26380311
225286212
705603864
956050250
36766678
1240381
272746718
563917073
322181535
286873533
557554935
823450342
197947977
505881517
409296146
369607114
81096507
30618336
7883756
2058342
518205065
148120316
942669812
148666257
67163723
858661175
284386318
137965403
435949894
405714695
522807833
389264008
493973630
302185081
212589970
809664271
315139841
430219445
593914038
255493700
172592094
137363821
2698906
138476724
522520381
37007973
233037028
76858454
8240734
6649738
338327284
284148241
166992249
292206717
252495368
111209619
519616587
304292200
30937909
520076516
586287243
4456330
41328216
45719306
243166859
610014054
79971082
477628522
220212694
49755144
38398247
42999198
673658286
926004375
57183540
100501728
82278199
136439203
21788730
22446842
420411802
4249330
542448461
358930825
330784350
271204313
47950898
46855785
214311002
212285140
30903699
362528949
2905515
224141040
243610821
187401659
8269175
244197025
581632302
316999029
60033469
483298213
35857379
567134399
552496340
20801339
74273130
325730550
243471555
26844847
401131586
827274848
262251903
668303031
13294390
295268738
430635640
10385431
101159349
202597211
548140954
411617265
211135020
7567647
332874259
71179938
4693729
328231072
411152786
135641589
170071636
717297465
788421907
400838724
233224352
25522584
43007309
45211698
437487773
19658949
408397968
162989134
745087122
4623233
61434692
493148850
99386073
119017629
112522886
218426342
506233861
134689457
739941782
108999722
240172622
107125223
553226095
118537885
174979128
583300626
86515377
216267457
146245879
266505462
189668410
37718970
46550928
466443180
521603956
217443530
143473843
27308230
512968687
174577380
120116242
558274804
87739763
439251225
16367814
281451859
919368411
50723669
138680252
453874999
7813181
409860691
96825578
607077571
144171443
12633402
260907
19919549
112734089
113277591
95240251
534141631
210684614
324837568
118893469
383061579
770040253
758761517
957523379
333969557
24861513
143386164
103988150
602362625
121536720
150172690
18788982
6201678
17029822
422047408
235566209
663607283
488186163
400006056
320959528
823699947
517975685
70498817
299294311
316133089
402889720
24524555
344162033
4074879
48562870
196442822
18039987
3208551
601349363
208508718
120668883
188044961
218171468
84959015
67410337
732473556
110921859
338004278
398502746
897233520
407180747
463736093
177345818
229575610
52810288
857714211
139413673
134908960
162455430
660775876
467312051
70747272
26003870
36437642
10894674
508451413
641543640
59371740
31218498
5793609
512034586
115955680
630865181
407646983
320572120
391969858
11307212
75261611
309391631
173977279
660345564
544440625
9772764
817780301
17784472
361745872
299339841
232159549
569743930
576958407
667799751
299425256
292233786
236668484
143054545
410859031
152504326
18705936
11970869
424739630
692214853
265350654
294976748
154198688
147269388
82110037
164300920
190208563
66677234
456822169
54286388
256877906
680504836
43170903
335278221
56141542
244570377
89417731
341086970
88981917
107985763
649845476
580838908
43778080
398180728
63157593
565075111
153492931
128069372
416777641
393963312
417147088
95370878
324523791
805795032
256786526
53438911
278086849
11871223
46483488
212929446
109018956
554704862
57862044
36963363
178906675
163345297
11228592
308277546
110168223
12815092
994986073
281982361
416998137
537389510
585618853
208555413
648514350
522337680
84672682
21118967
9595338
13015710
14952569
66226533
316073281
302828720
524183334
14248969
30444813
219421
96525514
3821126
80256621
52570091
110046222
185629
799399831
266894258
361209290
239234856
22255204
657621749
668316632
22099311
219272670
122415733
12421782
434408937
257234784
182652644
525281319
21677199
11922021
615541461
512980379
770763216
735246487
608417005
200568054
274361014
9916223
378335733
208352563
162818325
558407325
2650708
737635213
122819263
707899276
98782447
39053474
220872676
27303272
426305124
495385484
300347660
448545909
551684909
17784661
188392731
201750421
347941207
639562677
321923372
445527754
21336222
23741305
354222730
369310116
658428676
229830805
461428344
90262423
370318917
258878414
82496161
5194661
6148929
42675244
363508788
801846101
31692159
207252870
405655031
172293675
22402236
15675168
142332073
165019365
33342740
31439524
264507957
253712376
245892294
175742090
27939229
367185072
882315447
231588573
45394546
33240179
73399937
65233298
467073404
24092739
696994
230578972
127347675
433571546
89316547
256638981
22102767
510515285
472234401
406137339
373916892
96103122
55427323
788122329
43253244
424690095
1516640
24819874
941302661
545347957
18642928
249030049
181372646
4762183
80331928
163540717
152450112
480361229
403011020
103581264
172673829
35383993
399427617
1859692
86759434
56576903
6763057
65228661
765732399
485371622
323231781
24080563
208107247
17020925
659003715
538989031
213447386
28625127
51259889
214965926
285311928
5635036
169948310
618572445
19876953
209752198
432932086
180391163
12480422
197766160
161715879
131242303
741892888
294082981
314061388
358544241
440818510
201188888
509427367
647660265
6203546
194517400
577071143
426672765
260279869
12231360
42453840
240888133
425705215
303755449
870726979
233429693
419544356
10577300
170532970
78405294
258682614
32153937
697663826
93890187
149328597
143687799
699044440
469633878
71198947
392579118
11437410
83238020
625977718
12585693
20017528
280381522
919402842
610837895
27475281
23728872
201657047
368077074
85315544
51734900
851467834
427115513
336424826
48864185
467432724
219472090
61908422
3296029
853839239
352322178
76903494
70610874
296771551
178852694
365206310
340712473
18649656
174187189
242406602
73901656
154647911
653110043
49008330
79791437
527748175
62161052
396190943
75662497
124623138
49044415
853919607
10838457
12641052
393018905
279076703
640399446
192650
840163678
182501902
273863688
151663235
77117684
497882301
171974040
97216754
38922835
15324828
18282952
781994739
550698194
303209109
426976841
398700047
1052712
102534327
10991951
836162864
269502011
400452535
133290364
76787655
794667221
171959656
323610015
293295360
369941978
313770826
214818951
442607691
22327803
535521601
604482836
3954344
61835622
95776823
98213265
118185392
212788986
410469274
22756924
502791863
419550991
569068611
216371980
113081021
131961181
361828597
2236534
227661529
57250893
141922089
123722906
884396235
136028290
515574922
406625912
604003235
341363369
326707405
582118466
188839223
317364477
220199632
483163650
34063252
301470299
251598038
51594493
777107658
2873508
86493539
461985560
489957990
805542659
309969114
590219748
40078983
381121021
694532358
140293668
80661495
478271086
168398207
475650566
258120262
44248291
59872982
126725424
446312673
298556654
6172979
296040363
128534510
41397641
47208019
257548525
171046168
31555898
240577981
437224942
597864169
726458727
296957428
82119000
420565537
132205065
11638237
118604918
497352023
36154740
213680485
24835428
252675435
91030754
14136671
38378144
252379363
838209878
459464951
121445052
252316021
179582915
892622327
610757080
474275273
649055602
180280481
97381820
160408465
137964900
222429689
15499849
111835012
333431253
380337513
23352416
9172440
352586484
101924408
19024347
817052988
95940086
279092557
53495086
418581161
146058829
151237530
138319346
548238036
125309638
525941731
515118195
179451826
49608838
102401564
34875058
355438293
70940671
162385616
403899608
3244213
117126286
183951124
107490499
9551162
10343412
499755868
640423926
206561480
34471504
111574231
6217280
468687505
84146129
2457585
39106968
395377784
61102219
598346062
879555597
635854366
561878527
469391430
162444608
188335079
274636201
454167896
20229694
189055099
460619969
120470435
39131744
268635038
5103806
101465656
73246256
10931034
226941621
58674936
15129773
150641642
169140991
163144016
82566934
429897001
53264573
80222528
23745449
209335453
77968188
412682341
226731038
827079281
157959084
617862964
913690716
460249473
890011090
823830676
116389299
511752219
670046375
9167378
162052021
183071672
595210577
308463875
100127423
13057907
113296589
558298316
112444784
9987860
280675594
21290450
599366530
4880541
3932355
38671609
253795502
393823351
31114164
18724970
489223396
194444517
9456084
22259504
31785727
47014875
146970309
352192812
3129469
167282181
102251256
183816651
522133286
6102799
568457197
494507013
164237582
443502494
721514298
417342057
450241063
350162840
72620463
207858385
601858337
621923616
90322671
724539905
111365981
9522456
100723039
4436382
174259103
43243211
41195985
28145934
280566276
18623091
35754992
44973628
713394241
237875009
207367694
551056015
505042591
176505336
431831504
432668513
419545050
456358240
536478884
288876950
385575554
808451673
87681147
34327539
651581767
101598437
117480446
214870805
834993474
22545846
567926784
363725233
28330432
868967663
165016549
241455755
379967088
363991343
442606187
180435109
790145115
312777824
398249310
391075621
73699901
205414324
142584408
12433381
58405022
340052148
457206369
140882989
443839482
309233690
226221602
434417779
48642056
316155315
46384736
25968843
622907280
107976116
261234807
393206939
286398119
915340692
741552163
89515676
128158013
260757337
320154175
235897939
122138258
264153920
302114795
56703948
72370315
694247428
252381371
379218044
89076733
160237851
350326731
656878175
311996238
166284367
347323181
402174126
12522746
902838666
19025460
73826571
209981507
256515502
20609127
127486273
503752775
392007773
26323414
265173729
92500995
132486696
310467399
155005470
140346632
202000211
118557172
290854608
659219972
75513792
25074351
110628254
360882965
427668086
7105381
84223171
13065532
141701195
638185842
342599817
12010865
122018041
406360596
55571253
140579267
499626250
68699743
400260145
140301398
327891441
14217214
2929259
213614622
260237344
38356584
399069261
285502178
718356965
629912456
247252261
181675055
320748829
289975070
170174860
81626974
478492430
246777319
40830460
400207897
355556170
22786111
217567094
54714655
214632444
163555147
10307423
63193255
250271766
480345826
91459552
22607453
127333687
4804447
394860642
78116395
535207849
35337967
524723221
307330084
85702359
73050337
133781514
33022721
518245759
553745268
520228318
817313
30302814
50038628
421028829
254361261
504473128
90559506
155711476
548900359
461140561
410872013
214434412
369349977
96595314
1337401
56091720
384645079
229868878
21980522
678536764
292940981
241096800
539993017
649467169
6889946
863950254
266091684
17507565
22755554
348287506
503798915
3595385
800927740
515066688
386379286
674603434
102319220
600736997
420152082
604051601
25297570
598955257
159897768
144660574
8868515
8699611
7324825
140740107
186748305
733568115
753083143
533568688
101216198
18369332
908150413
363594587
629209516
290403611
3212484
252213023
326676173
176971029
348758445
38446976
70122039
288563195
162627489
359015877
71261369
274313296
23929028
980923145
225373164
135934044
192689003
179900386
730138761
154180238
123777676
253427295
179901770
288367339
718975688
935052420
54318783
