10000
2
3
4
5
6
7
8
9
10
11
12
13
14
15
16
17
18
19
20
21
22
23
24
25
26
27
28
29
30
31
32
33
34
35
36
37
38
39
40
41
42
43
44
45
46
47
48
49
50
51
52
53
54
55
56
57
58
59
60
61
62
63
64
65
66
67
68
69
70
71
72
73
74
75
76
77
78
79
80
81
82
83
84
85
86
87
88
89
90
91
92
93
94
95
96
97
98
99
100
101
102
103
104
105
106
107
108
109
110
111
112
113
114
115
116
117
118
119
120
121
122
123
124
125
126
127
128
129
130
131
132
133
134
135
136
137
138
139
140
141
142
143
144
145
146
147
148
149
150
151
152
153
154
155
156
157
158
159
160
161
162
163
164
165
166
167
168
169
170
171
172
173
174
175
176
177
178
179
180
181
182
183
184
185
186
187
188
189
190
191
192
193
194
195
196
197
198
199
200
201
202
203
204
205
206
207
208
209
210
211
212
213
214
215
216
217
218
219
220
221
222
223
224
225
226
227
228
229
230
231
232
233
234
235
236
237
238
239
240
241
242
243
244
245
246
247
248
249
250
251
252
253
254
255
256
257
258
259
260
261
262
263
264
265
266
267
268
269
270
271
272
273
274
275
276
277
278
279
280
281
282
283
284
285
286
287
288
289
290
291
292
293
294
295
296
297
298
299
300
301
302
303
304
305
306
307
308
309
310
311
312
313
314
315
316
317
318
319
320
321
322
323
324
325
326
327
328
329
330
331
332
333
334
335
336
337
338
339
340
341
342
343
344
345
346
347
348
349
350
351
352
353
354
355
356
357
358
359
360
361
362
363
364
365
366
367
368
369
370
371
372
373
374
375
376
377
378
379
380
381
382
383
384
385
386
387
388
389
390
391
392
393
394
395
396
397
398
399
400
401
402
403
404
405
406
407
408
409
410
411
412
413
414
415
416
417
418
419
420
421
422
423
424
425
426
427
428
429
430
431
432
433
434
435
436
437
438
439
440
441
442
443
444
445
446
447
448
449
450
451
452
453
454
455
456
457
458
459
460
461
462
463
464
465
466
467
468
469
470
471
472
473
474
475
476
477
478
479
480
481
482
483
484
485
486
487
488
489
490
491
492
493
494
495
496
497
498
499
500
501
502
503
504
505
506
507
508
509
510
511
512
513
514
515
516
517
518
519
520
521
522
523
524
525
526
527
528
529
530
531
532
533
534
535
536
537
538
539
540
541
542
543
544
545
546
547
548
549
550
551
552
553
554
555
556
557
558
559
560
561
562
563
564
565
566
567
568
569
570
571
572
573
574
575
576
577
578
579
580
581
582
583
584
585
586
587
588
589
590
591
592
593
594
595
596
597
598
599
600
601
602
603
604
605
606
607
608
609
610
611
612
613
614
615
616
617
618
619
620
621
622
623
624
625
626
627
628
629
630
631
632
633
634
635
636
637
638
639
640
641
642
643
644
645
646
647
648
649
650
651
652
653
654
655
656
657
658
659
660
661
662
663
664
665
666
667
668
669
670
671
672
673
674
675
676
677
678
679
680
681
682
683
684
685
686
687
688
689
690
691
692
693
694
695
696
697
698
699
700
701
702
703
704
705
706
707
708
709
710
711
712
713
714
715
716
717
718
719
720
721
722
723
724
725
726
727
728
729
730
731
732
733
734
735
736
737
738
739
740
741
742
743
744
745
746
747
748
749
750
751
752
753
754
755
756
757
758
759
760
761
762
763
764
765
766
767
768
769
770
771
772
773
774
775
776
777
778
779
780
781
782
783
784
785
786
787
788
789
790
791
792
793
794
795
796
797
798
799
800
801
802
803
804
805
806
807
808
809
810
811
812
813
814
815
816
817
818
819
820
821
822
823
824
825
826
827
828
829
830
831
832
833
834
835
836
837
838
839
840
841
842
843
844
845
846
847
848
849
850
851
852
853
854
855
856
857
858
859
860
861
862
863
864
865
866
867
868
869
870
871
872
873
874
875
876
877
878
879
880
881
882
883
884
885
886
887
888
889
890
891
892
893
894
895
896
897
898
899
900
901
902
903
904
905
906
907
908
909
910
911
912
913
914
915
916
917
918
919
920
921
922
923
924
925
926
927
928
929
930
931
932
933
934
935
936
937
938
939
940
941
942
943
944
945
946
947
948
949
950
951
952
953
954
955
956
957
958
959
960
961
962
963
964
965
966
967
968
969
970
971
972
973
974
975
976
977
978
979
980
981
982
983
984
985
986
987
988
989
990
991
992
993
994
995
996
997
998
999
1000
1000000000
999999999
999999998
999999997
999999996
999999995
999999994
999999993
999999992
999999991
999999990
999999989
999999988
999999987
999999986
999999985
999999984
999999983
999999982
999999981
999999980
999999979
999999978
999999977
999999976
999999975
999999974
999999973
999999972
999999971
999999970
999999969
999999968
999999967
999999966
999999965
999999964
999999963
999999962
999999961
999999960
999999959
999999958
999999957
999999956
999999955
999999954
999999953
999999952
999999951
999999950
999999949
999999948
999999947
999999946
999999945
999999944
999999943
999999942
999999941
999999940
999999939
999999938
999999937
999999936
999999935
999999934
999999933
999999932
999999931
999999930
999999929
999999928
999999927
999999926
999999925
999999924
999999923
999999922
999999921
999999920
999999919
999999918
999999917
999999916
999999915
999999914
999999913
999999912
999999911
999999910
999999909
999999908
999999907
999999906
999999905
999999904
999999903
999999902
999999901
999999900
999999899
999999898
999999897
999999896
999999895
999999894
999999893
999999892
999999891
999999890
999999889
999999888
999999887
999999886
999999885
999999884
999999883
999999882
999999881
999999880
999999879
999999878
999999877
999999876
999999875
999999874
999999873
999999872
999999871
999999870
999999869
999999868
999999867
999999866
999999865
999999864
999999863
999999862
999999861
999999860
999999859
999999858
999999857
999999856
999999855
999999854
999999853
999999852
999999851
999999850
999999849
999999848
999999847
999999846
999999845
999999844
999999843
999999842
999999841
999999840
999999839
999999838
999999837
999999836
999999835
999999834
999999833
999999832
999999831
999999830
999999829
999999828
999999827
999999826
999999825
999999824
999999823
999999822
999999821
999999820
999999819
999999818
999999817
999999816
999999815
999999814
999999813
999999812
999999811
999999810
999999809
999999808
999999807
999999806
999999805
999999804
999999803
999999802
999999801
999999800
999999799
999999798
999999797
999999796
999999795
999999794
999999793
999999792
999999791
999999790
999999789
999999788
999999787
999999786
999999785
999999784
999999783
999999782
999999781
999999780
999999779
999999778
999999777
999999776
999999775
999999774
999999773
999999772
999999771
999999770
999999769
999999768
999999767
999999766
999999765
999999764
999999763
999999762
999999761
999999760
999999759
999999758
999999757
999999756
999999755
999999754
999999753
999999752
999999751
999999750
999999749
999999748
999999747
999999746
999999745
999999744
999999743
999999742
999999741
999999740
999999739
999999738
999999737
999999736
999999735
999999734
999999733
999999732
999999731
999999730
999999729
999999728
999999727
999999726
999999725
999999724
999999723
999999722
999999721
999999720
999999719
999999718
999999717
999999716
999999715
999999714
999999713
999999712
999999711
999999710
999999709
999999708
999999707
999999706
999999705
999999704
999999703
999999702
999999701
999999700
999999699
999999698
999999697
999999696
999999695
999999694
999999693
999999692
999999691
999999690
999999689
999999688
999999687
999999686
999999685
999999684
999999683
999999682
999999681
999999680
999999679
999999678
999999677
999999676
999999675
999999674
999999673
999999672
999999671
999999670
999999669
999999668
999999667
999999666
999999665
999999664
999999663
999999662
999999661
999999660
999999659
999999658
999999657
999999656
999999655
999999654
999999653
999999652
999999651
999999650
999999649
999999648
999999647
999999646
999999645
999999644
999999643
999999642
999999641
999999640
999999639
999999638
999999637
999999636
999999635
999999634
999999633
999999632
999999631
999999630
999999629
999999628
999999627
999999626
999999625
999999624
999999623
999999622
999999621
999999620
999999619
999999618
999999617
999999616
999999615
999999614
999999613
999999612
999999611
999999610
999999609
999999608
999999607
999999606
999999605
999999604
999999603
999999602
999999601
999999600
999999599
999999598
999999597
999999596
999999595
999999594
999999593
999999592
999999591
999999590
999999589
999999588
999999587
999999586
999999585
999999584
999999583
999999582
999999581
999999580
999999579
999999578
999999577
999999576
999999575
999999574
999999573
999999572
999999571
999999570
999999569
999999568
999999567
999999566
999999565
999999564
999999563
999999562
999999561
999999560
999999559
999999558
999999557
999999556
999999555
999999554
999999553
999999552
999999551
999999550
999999549
999999548
999999547
999999546
999999545
999999544
999999543
999999542
999999541
999999540
999999539
999999538
999999537
999999536
999999535
999999534
999999533
999999532
999999531
999999530
999999529
999999528
999999527
999999526
999999525
999999524
999999523
999999522
999999521
999999520
999999519
999999518
999999517
999999516
999999515
999999514
999999513
999999512
999999511
999999510
999999509
999999508
999999507
999999506
999999505
999999504
999999503
999999502
999999501
999999500
999999499
999999498
999999497
999999496
999999495
999999494
999999493
999999492
999999491
999999490
999999489
999999488
999999487
999999486
999999485
999999484
999999483
999999482
999999481
999999480
999999479
999999478
999999477
999999476
999999475
999999474
999999473
999999472
999999471
999999470
999999469
999999468
999999467
999999466
999999465
999999464
999999463
999999462
999999461
999999460
999999459
999999458
999999457
999999456
999999455
999999454
999999453
999999452
999999451
999999450
999999449
999999448
999999447
999999446
999999445
999999444
999999443
999999442
999999441
999999440
999999439
999999438
999999437
999999436
999999435
999999434
999999433
999999432
999999431
999999430
999999429
999999428
999999427
999999426
999999425
999999424
999999423
999999422
999999421
999999420
999999419
999999418
999999417
999999416
999999415
999999414
999999413
999999412
999999411
999999410
999999409
999999408
999999407
999999406
999999405
999999404
999999403
999999402
999999401
999999400
999999399
999999398
999999397
999999396
999999395
999999394
999999393
999999392
999999391
999999390
999999389
999999388
999999387
999999386
999999385
999999384
999999383
999999382
999999381
999999380
999999379
999999378
999999377
999999376
999999375
999999374
999999373
999999372
999999371
999999370
999999369
999999368
999999367
999999366
999999365
999999364
999999363
999999362
999999361
999999360
999999359
999999358
999999357
999999356
999999355
999999354
999999353
999999352
999999351
999999350
999999349
999999348
999999347
999999346
999999345
999999344
999999343
999999342
999999341
999999340
999999339
999999338
999999337
999999336
999999335
999999334
999999333
999999332
999999331
999999330
999999329
999999328
999999327
999999326
999999325
999999324
999999323
999999322
999999321
999999320
999999319
999999318
999999317
999999316
999999315
999999314
999999313
999999312
999999311
999999310
999999309
999999308
999999307
999999306
999999305
999999304
999999303
999999302
999999301
999999300
999999299
999999298
999999297
999999296
999999295
999999294
999999293
999999292
999999291
999999290
999999289
999999288
999999287
999999286
999999285
999999284
999999283
999999282
999999281
999999280
999999279
999999278
999999277
999999276
999999275
999999274
999999273
999999272
999999271
999999270
999999269
999999268
999999267
999999266
999999265
999999264
999999263
999999262
999999261
999999260
999999259
999999258
999999257
999999256
999999255
999999254
999999253
999999252
999999251
999999250
999999249
999999248
999999247
999999246
999999245
999999244
999999243
999999242
999999241
999999240
999999239
999999238
999999237
999999236
999999235
999999234
999999233
999999232
999999231
999999230
999999229
999999228
999999227
999999226
999999225
999999224
999999223
999999222
999999221
999999220
999999219
999999218
999999217
999999216
999999215
999999214
999999213
999999212
999999211
999999210
999999209
999999208
999999207
999999206
999999205
999999204
999999203
999999202
999999201
999999200
999999199
999999198
999999197
999999196
999999195
999999194
999999193
999999192
999999191
999999190
999999189
999999188
999999187
999999186
999999185
999999184
999999183
999999182
999999181
999999180
999999179
999999178
999999177
999999176
999999175
999999174
999999173
999999172
999999171
999999170
999999169
999999168
999999167
999999166
999999165
999999164
999999163
999999162
999999161
999999160
999999159
999999158
999999157
999999156
999999155
999999154
999999153
999999152
999999151
999999150
999999149
999999148
999999147
999999146
999999145
999999144
999999143
999999142
999999141
999999140
999999139
999999138
999999137
999999136
999999135
999999134
999999133
999999132
999999131
999999130
999999129
999999128
999999127
999999126
999999125
999999124
999999123
999999122
999999121
999999120
999999119
999999118
999999117
999999116
999999115
999999114
999999113
999999112
999999111
999999110
999999109
999999108
999999107
999999106
999999105
999999104
999999103
999999102
999999101
999999100
999999099
999999098
999999097
999999096
999999095
999999094
999999093
999999092
999999091
999999090
999999089
999999088
999999087
999999086
999999085
999999084
999999083
999999082
999999081
999999080
999999079
999999078
999999077
999999076
999999075
999999074
999999073
999999072
999999071
999999070
999999069
999999068
999999067
999999066
999999065
999999064
999999063
999999062
999999061
999999060
999999059
999999058
999999057
999999056
999999055
999999054
999999053
999999052
999999051
999999050
999999049
999999048
999999047
999999046
999999045
999999044
999999043
999999042
999999041
999999040
999999039
999999038
999999037
999999036
999999035
999999034
999999033
999999032
999999031
999999030
999999029
999999028
999999027
999999026
999999025
999999024
999999023
999999022
999999021
999999020
999999019
999999018
999999017
999999016
999999015
999999014
999999013
999999012
999999011
999999010
999999009
999999008
999999007
999999006
999999005
999999004
999999003
999999002
999999001
899571
942692904
91281418
201542225
250631476
515968663
325515327
183600138
10115441
53980079
182423888
79663105
341504823
131656939
227228565
289266760
5400183
89389099
440799994
563664501
96540776
664275884
811159838
17247148
649216447
466505229
82582397
833446030
739955326
15849810
454427967
507904755
223673434
4907178
937366676
257050731
477937021
279062378
9482807
111225031
219599279
601340639
58201280
741095875
46210104
274127172
15151831
338553262
490649268
57258439
4440019
194003928
656671468
214176864
495213464
22423535
4239569
8783774
92417997
264356941
416606507
70157895
287249871
9621091
96176420
316275933
127512392
397723230
411529788
227682495
182539639
85545857
55467413
470352056
250526001
848237970
84557664
3496802
66392831
356886444
83559967
64411925
628093293
873780607
424137330
665877120
166740545
167515309
28651991
35988696
413763745
178066888
192664023
200103419
336391694
354221415
46019104
772810862
66791639
439792747
112175209
8506242
898089869
18640860
31306627
40337440
294140455
52744546
61787542
150817559
3151198
918783614
28175396
380139485
50657397
93711496
20096360
299699980
390915890
193883297
468816482
143565526
424632776
165687668
335846548
48825009
841226037
71801186
42427503
51798451
161872522
46457843
85096864
204334610
63804046
508648338
87314687
142735915
141827352
46770121
528807925
684087558
381357500
133363721
721457330
537154783
145176787
208647777
447096807
6557084
790383259
115871370
403431263
266198161
111794291
223852450
500946136
48010870
87015329
248867431
11698879
26545461
180637014
73124998
540337053
289367902
30677207
47372368
533936965
518398309
174560032
41689744
67323486
377153596
593603386
742476097
389765665
72805896
121999249
777522469
45635735
626387424
35254392
409462315
694268892
851800829
86951525
789159965
100769730
389469394
1036417
472661242
242723154
386130109
43527574
36239982
43646517
4948806
397758345
75901076
49135593
84791007
12475440
67318529
2912968
10887377
99939680
427606791
663555728
8276247
14324163
2129784
567099957
29957950
101641419
143427281
53071016
182701029
240541814
78511236
148633760
458711181
34873954
201322956
240977864
155905566
462050945
57196222
454261306
119306761
42026610
112191888
9096941
50180176
937874357
225960553
451639163
2595955
7523235
5713145
51414905
266629484
16641420
101276756
536136317
55116629
278387900
46327913
82497510
106931772
245426732
104615901
94702387
314271521
193491185
198436039
237700822
511548189
17065794
962222477
178869419
80213970
496761365
606086730
638372950
110255301
271162
248323414
58355261
72382421
165056730
137695817
446797020
14397993
63896450
442746984
712118609
691779188
284903514
70357899
8786120
36852553
49830509
316245289
67826618
65544910
396965326
14997438
6456662
326792047
707650707
73628913
388444181
13406025
81169408
255053991
224818886
70324962
159445022
31913221
97373892
111030713
220356054
50678674
30059144
454154485
124558394
64552692
76798303
319351499
326902392
269298519
247766890
110168969
22292646
449691655
244475142
17192591
12439044
305092794
610871906
182140462
268658537
393971045
75939438
89706273
665511738
227299766
258211309
31147153
789243753
165593748
4216367
218659826
293073167
67828726
122434691
27433996
20911093
5389204
186282953
325868088
20700619
33968152
402687618
956404171
708695181
86173156
90255982
225831887
466109832
296222788
310510857
824031461
504410334
105526471
264160475
49601404
60101562
92844107
540538519
421443161
98833255
692664866
889177745
40333776
52842186
354430528
49223894
128458367
159425923
342495280
395640626
414573442
134809347
281962117
105157370
472805657
107266070
4958888
150510803
365070578
126542245
50221361
11928803
97888128
161930128
252306654
675814597
258753793
685116937
498956528
344625948
413754669
858874664
225112656
7171655
55527614
479969930
432273396
65486152
589377597
371966023
61133473
69311576
236247503
465131783
523684261
236139438
179383977
462922911
15828493
10312205
569988167
308514142
757528949
195252491
53189973
300866143
210305200
49404267
12295573
349644567
610259893
218017484
454579754
26533591
430365909
352359667
122808305
455405069
112985695
96129209
157675526
19503728
777878026
12940698
474859923
338185992
27023272
285135758
307050363
68472095
98105283
2160267
262162751
818333975
91581905
546938304
237077429
502761383
402653912
58689321
29743692
467555840
9742347
451663549
15777640
22655201
60810167
223304558
230588912
70274488
73961911
394909473
131699214
46446055
23125997
8542433
10144695
111236203
960702077
483534596
675894593
362350228
55146764
51102014
695840576
270081020
162055191
93137028
340967155
121902804
124606697
26851274
88780521
549868366
118579649
47299105
796222
59017331
8255426
100563376
73160492
49765062
284221870
7276966
288368228
290156308
201163673
265380397
189890276
216233650
282493582
256267800
299446569
352115610
279733945
266460579
370708544
26523937
529189011
407202137
417632645
47352701
896761752
612426107
471740535
135353953
359397468
274808792
648375263
292486706
503927717
24753739
748855943
827301786
234178147
8906713
213367427
316607896
137531637
199237516
283533183
268125960
123895717
147380618
262944799
293769082
212927599
80391807
488560780
711903073
454665821
234073401
59875418
16908514
138592336
715269559
775304119
863891518
85308646
209929650
32582206
188918300
18410313
457566030
3358431
30003646
990283428
286839492
178744089
74613201
94696184
426023015
703914356
519154528
192820546
265780743
28547613
622536021
28774497
173352152
275071291
579991178
31753073
7731339
930916374
407863551
29875797
265222687
839418042
44417112
845632405
2369024
450890194
46393801
561988390
18497417
5945063
28806394
495887754
225909875
13658431
333610975
332825773
180390925
18608860
78009459
505774156
16666629
277721838
97535149
80017873
446342757
80544365
62861169
114378516
50404824
266110088
230142627
20720686
140478682
116219020
27512899
849603613
47576071
221397054
690919073
35066292
661301115
92818881
175429833
483710885
337992420
5484063
83698949
27643432
11532150
91393372
110878406
684827970
592137265
198283852
267442388
351629792
345365072
38204021
247787124
259707469
534684512
842827104
403474082
190786417
753078562
425056062
431237883
548756401
17743964
67627117
525889415
881168387
4322061
263603777
539830988
774042690
125629841
19767076
58728411
264605291
174057954
1896312
37546890
213166046
173745228
38794416
15775023
354819018
314722145
237581744
54770600
695820109
48883565
289482078
47511533
673747754
248369331
3424023
364199595
593956870
447892880
117280320
796112030
177538210
242418379
609306062
716238051
225893652
633554354
240827209
476817020
564875568
183019285
45257946
109901056
126941751
355147168
452316100
791974756
4108335
14177129
93134401
272928444
574183760
365681001
424993952
375834573
520741206
42909360
238798151
535034440
802185417
8700017
84673334
12077183
488834772
389507886
939450523
430301156
648686348
203067391
262435563
224290311
721856249
54376052
118382064
406429257
414146581
297104278
424055829
99665489
364703313
270459804
28471936
303983246
136204283
252139093
235128360
183235053
28592140
580201527
27216433
175528036
29786579
9865078
114309877
385647293
271018215
121792693
63486336
18282531
40860853
165790556
204674012
120758162
63534686
67152853
80918288
72467604
539419384
337631700
694142228
392006388
20224978
227517817
11577929
201679539
249131901
134845697
171294219
55978180
212616800
249953242
23800088
441093660
400165485
86404793
46071796
734274232
84660910
58267913
369501761
289343277
476925636
266271992
94602751
497195058
128694415
93600462
717462002
677273810
444578980
46007304
263639357
109643495
36977786
253843509
114621091
803611077
826821202
208378726
52992841
191595672
262328537
121597619
48944129
227053585
662168243
656277564
16527699
266267426
633777771
68791371
5536841
163171971
201930192
30064137
73170378
135580489
203671123
74252776
507754376
76920648
363069575
266094129
357798356
10792496
894709799
234954992
147781019
273900409
12180367
88601658
627496993
420096527
43228624
56245369
41407641
133883893
473821396
378512686
248555995
166149570
198563421
31150106
482124
310056991
549554009
45839926
10665939
889867540
138797477
137746428
11721590
243705584
136563830
544975502
364972723
403903734
864523458
147913230
92454524
59125584
551394725
113214155
488774464
682360239
69716315
205680134
141068503
100643925
227614796
273900039
570489687
16157882
16621205
224799432
226820013
695956086
71060344
77889935
839487841
71612215
599910597
321753350
33248447
158553868
57527654
225833124
49503520
177840027
134465608
129897639
49901506
284523022
317566075
498499553
23160009
83810691
211605681
351155751
465407856
225895046
111601563
44959704
285534553
200373261
228110746
243310298
78446786
502989010
26956111
33397593
216114020
296035503
106387394
8993345
249323255
442067286
636856891
207429174
404101459
110346183
72438239
128496352
336571824
81368408
235391483
162693421
40449762
641996542
351779612
191827101
284952082
153802079
3639327
47200074
153561810
2103800
299142643
298420087
762680512
83753721
15110250
175524788
53760756
46508449
6539837
521773690
36444545
104720966
39255584
299804583
88577726
56397724
20835687
34682761
112336279
436465025
242448917
56592928
559164614
76021678
81769139
106148112
379873217
115060787
217978094
357446147
245255066
172542021
170108950
21957632
27710483
389800772
500259755
449039640
127690689
238752669
406070579
772860560
693507545
987992076
8956583
255259045
278541630
400602929
18663812
479470644
204157744
695111786
137385265
185927709
4824136
563281811
722566423
12361435
477109957
263444870
194620303
274631066
45198942
416663107
342232537
145864489
75869567
445611330
219581804
173017828
411622997
140136040
15940178
3623462
73321354
24365458
581367454
206926317
449484627
133725686
317644
36398101
38137908
220632023
96626526
150374272
259453084
54768222
23708287
73705342
510651177
64297835
63132311
94453641
601295352
696766605
323476554
51059851
109726842
298365989
256136894
84595382
91265477
668041718
57990813
12154842
323705513
12173464
192615714
299908643
52556826
9568234
161229807
251731523
78011472
153776864
836688015
307805284
340349860
223555191
72147932
283986118
119712928
376617528
32399068
983065612
442487560
188392706
33663014
148547606
723310790
34796111
704182238
68908348
83921874
120342881
109105598
263237689
1167165
819643299
179354847
134224229
125510148
417024301
37256083
212499233
232077279
429496254
106443721
19623862
326721773
598686444
82328970
124967579
270841278
493254335
5564125
396713285
492524359
21642914
8995601
27332807
650648470
86776788
95630529
860398280
665343215
109010825
100167635
427320032
554094313
354852828
190113492
266694260
35925428
204194563
493235545
83798159
110007625
191998006
7895388
260692075
498336350
652117860
560763648
2216168
110195962
658740619
79146579
327008567
12917113
269587343
420335013
604652496
313106970
219021939
299093651
134798961
191262318
625962075
292155886
685115439
131696509
316325714
413500002
52334093
426948899
316664988
19763954
269874789
61408833
252641914
45273529
47585300
4376048
647392948
37252824
66388448
285305765
264477069
261001147
143201345
890752338
747132126
23494506
847552979
1682655
120955700
97039428
112112805
126857328
3508555
166261934
269651999
87119013
22954874
29903142
266722728
457640953
779996538
58126172
39652078
416697973
283791469
333389361
16156200
45425505
273829060
1362186
12413799
158154120
404772771
141163069
162039698
448403586
135351126
20384684
4403373
16407846
35720754
269278322
371473056
24740819
61217314
200257925
537515128
259538942
518481505
102257292
404877901
40920223
167750094
288318185
132035838
328672737
79107383
89831182
23691660
43087001
153870855
946093947
94638667
456499880
633471651
813036248
228538195
186191458
230602472
283653022
181962506
33072711
257891804
497139681
363372257
197764
21169980
144774234
58782321
529195666
36256062
180192770
463802951
380640876
106414869
193465943
149691744
20506926
296418391
120947287
3468287
345074076
148827096
39560603
17426553
438176055
732499949
58931107
255086366
79334632
50426192
337891506
455406770
89628857
530380916
129327043
74377933
330279136
288772856
388615297
396325477
568266781
151664501
106012769
553247852
500396410
202468162
59631708
215667002
137490904
288116208
7741351
25324003
88736450
105919347
2681515
14903695
36847106
74639969
168429115
76502214
96514101
462278533
420272069
738306498
102776460
216248619
557363066
434152417
301111470
142094526
1218718
157285483
2130724
173071450
125517014
343258065
571972215
321516912
526850348
363927281
15704690
228776483
39577399
569648866
371933282
254410858
63577426
670053791
2011617
343308251
478403988
405265039
47353877
120759590
95223592
76200118
13721324
163191661
477198887
83501483
135915093
691479925
673544411
693774539
18546437
10741555
328653024
63765758
145292242
166402260
249635789
97709194
138240279
481506095
138428418
379496078
175963934
306761825
57833136
326183489
37927521
173312774
388789169
202631747
104713218
53552539
44971385
93873397
22005456
27858254
268338724
975905095
70577084
91424559
306180688
309176359
105697571
590861230
213949063
202238985
155522676
523256748
135506754
531181175
121275811
113042157
413060099
403069061
73971071
212019556
605903352
486971147
222163377
307641759
212573221
66670103
86985639
132651090
4673644
175366123
261519812
4664796
175188310
188514511
676021199
126513412
667353811
337908382
334841402
267172894
21161606
82307465
51783748
352041009
850010201
4134197
59641913
295601030
59077888
292522599
69023388
326532243
295857790
254703249
29103110
45529166
126226678
598598552
9991808
122181121
574925240
808097
472215756
528190464
133714845
234885293
306554644
284878339
110770206
542735527
738453887
54785254
923783658
251580116
215316627
141589026
33827328
121569095
669847587
28338809
401281769
20589987
525511516
538131499
660975967
131066927
71916418
82708888
602182423
465296941
284691787
237822174
562865493
448742707
534826546
506467581
399992935
46461546
358041948
44446956
78606171
42221089
490340819
255321391
104834433
75568874
156283918
185943815
126343251
72428115
435759775
84398354
552820644
622504662
220373071
1800858
72886312
72964793
72895125
306245693
33693577
142234019
640359850
221707398
518225305
157612025
651504225
491549801
196289678
48662982
193702823
164869783
236810927
215129655
147668677
55964486
33153384
532943821
236382621
506260479
26079651
55326197
401363002
47765452
743825120
267914739
257079487
184242142
413541407
52078910
189191026
687899393
138576971
117908082
537710163
28909421
29485727
871533484
775442567
25192231
123296734
12463735
244974344
682767996
298907232
193228359
477732288
98271
9093631
160798126
405339266
79852972
119602189
98235890
568398831
97146025
590778561
97416011
436902551
3508398
468068
319353831
58343479
711345018
408173808
168915301
375062794
274329
371971223
223212121
92397629
154374236
27128011
328005005
92699422
172443698
277812980
51450173
22501601
2143223
314783132
829303557
117319178
45854214
445105438
22032839
623303870
19057347
660745970
484992405
545803367
43711580
273000160
702985794
218253516
163287943
577587954
849382926
334064656
85831047
253346814
746702981
541516633
881840334
333790695
430591719
570261411
253679696
281895973
120893959
6225585
8845351
7406083
417766222
610776842
247899842
159379286
442506794
448290611
595274282
18726756
60702648
67060482
380886706
779028856
277036992
32086722
922493063
904580564
256660484
48720501
22085515
145499592
33007872
230369604
35220685
55269305
295604786
658154908
266196069
636347487
306015011
5353163
39461054
308377703
267240314
5625704
145902319
245809965
270802787
11284591
475189106
203635518
79971664
489608878
46856822
131653680
984569913
322357411
9771127
288269131
175374599
349490393
545719719
479113243
4673183
196678461
38803185
258230785
229473359
451061438
117611126
464162926
215899377
92775951
861627736
14096696
10055725
159743163
31167267
182208899
572731918
266779860
5208637
72111481
494466674
65194327
74662644
92997471
93709589
213293300
73581358
309302282
89208593
489160794
46659759
469030399
659522177
390951596
108032812
229714492
316909372
714813013
320057587
535367649
220590866
45505617
446825066
198082119
258013721
400297
148060756
196135497
48466679
497052772
99141836
721041842
330887936
39707383
125559627
246063205
279778954
215084878
843212657
768005720
155186234
103454250
216947432
602031976
120983936
592237403
143600622
80884938
12990725
206123090
267711570
209603286
549004549
969603099
150165117
752772072
56282192
206300043
53853805
343321881
203051435
4437041
33734137
6007060
198925802
174977156
740572654
161044332
458919255
7873023
120744502
86931815
443065520
172805731
50749217
633513217
47209579
258757053
80726181
223856844
536642868
186076160
21474437
75185142
22734200
928072992
293855596
235398202
60801645
118153824
683795780
288788823
253328707
70023670
668424736
367322165
11552439
626419882
215369662
231200118
41772110
61335852
2101607
42186074
852036070
211682683
306142925
85531701
14262137
230719197
462683916
11423933
24685879
46072089
40800640
296727390
103415407
71107927
70884097
25771033
288158176
74254399
94743746
347471504
245959460
335646736
459110472
143946650
4493978
47871761
8674222
27670161
648231943
624607820
270996808
118265009
63069
22518319
65344831
26160716
45166743
22289408
358326164
41843055
64971091
380445
18937338
116641587
105089930
53659836
112873777
63176067
227258483
26874008
209885061
190902491
304126637
104610139
209625937
199751229
172840053
15526373
567002732
13777308
549594432
687076254
11379539
15081289
183272055
590689907
69656197
474506597
467330454
227442710
55111525
103015076
3569186
28343599
565223589
659529965
10132807
216334169
1616792
169999532
112081495
17794407
522149396
273834853
39878692
232371459
166381419
411952712
283587298
77108683
534547480
736347917
11171883
22881574
47804384
354932524
3807410
266270789
628855555
328101474
248553823
21924848
5501873
157498967
812776708
124451926
15347979
761908152
185186051
428382809
6991684
104082689
214933991
61622248
389476526
73495494
299455488
52562468
254726247
116560077
190936490
773938217
182034161
125520533
233697242
572591461
110327385
452495309
259690056
599468642
35560971
183804083
154784489
779879115
293049614
130567088
340994014
308680296
231858379
7233638
27972239
50208438
19333979
853692432
75379369
444072374
141872729
51292460
5971723
325554201
126424554
119609952
126541181
283257224
654234581
587063970
836514605
221416985
124839389
698348620
501509634
99427778
195064612
82484406
315037612
249372535
493010116
56841350
11491210
417419827
45162479
46335145
165080199
180437127
185825974
7463287
496398849
433956013
114207911
6021797
3548357
185019968
28847438
52107118
369271587
7916480
150878882
51854098
234102101
171847618
448377884
586257209
352094793
910495005
238195472
713317819
609463994
266987152
170767589
139063411
606146829
935375297
221119059
211394370
15061904
71439553
5120161
297364814
383874961
35622271
96722923
152396614
44071896
859824087
291235625
197727490
421319063
60043201
142229834
69909002
65422744
88114531
71387602
444816214
256906429
676170398
121963159
4073264
343957277
33263960
772357825
84592510
564654062
311055839
37596243
885914518
440018774
246614712
709193944
81944495
158938750
272526949
729462034
254026
425943159
671343294
392728123
787417658
255491409
118821200
213862962
49801453
18978415
827924686
80656128
241924845
152553386
346843464
90460852
54892898
350949111
122005650
37816803
234123472
365979335
129906352
497884063
200347865
29200089
6593530
29205717
533949999
193969748
114234339
122696575
95775728
311313257
483882163
18206511
62770315
259490349
119828490
851025
447708677
334651645
343568143
1831360
142280209
548023370
242485600
561316372
365996944
397012978
23580403
272882206
47395836
126631475
193270500
759057248
72858314
161302632
110030529
658458535
377580948
534086018
600499491
461918982
85261540
56419469
16130038
466540002
137304917
65145217
308452747
38866319
31545401
465199019
82417909
300138403
50432618
93762802
278520471
233254493
275848720
362525352
61492835
360258194
216807270
47179193
624906988
937383043
271332519
453105855
264842186
373444859
117256813
606029021
393891430
210630203
205529911
190741591
3635767
310467636
1633354
568896448
444165965
108291279
57176737
292651798
152241004
165501244
186972707
38607070
117133793
16107000
58395188
44617017
74732745
182426615
72529382
205674469
340560369
679531853
75071794
757682750
526566132
480670040
498370178
670156108
109364163
221373725
570876645
593939794
65815487
969352248
161711937
157183093
220890596
632895793
417980952
152549712
370588140
265966499
156855179
779085304
347916399
128897737
125331572
790757619
196866055
488771115
324111111
438684522
599814249
64565369
21102793
601439849
228096173
217410807
102223420
203798547
151638598
168331559
364629382
528441838
54846192
208349580
37394372
279074014
25795446
187648487
200573428
42630254
424697271
250457857
159407591
396523820
423619446
29830054
558227276
176150802
143036866
163552984
86675768
84652808
58591649
392668711
227326469
160852493
256670522
50263641
133620515
38029151
441290529
302718744
712174093
24601137
433744157
88477968
275464844
253496540
119104010
386820562
376823555
83366180
8672228
18435024
12845620
327908210
313843616
363762572
12605816
319711695
343296557
146065909
706972075
702193893
484287623
36612254
87068324
904608607
60849604
186578227
207041345
215959480
304722914
11516629
58410208
365631581
69132209
248073212
235880063
786238695
353832069
54184425
27246738
363523650
75395521
25417
7595303
77153958
65959733
391047337
162143959
66551173
75611406
241909680
25429015
133371327
226220651
13503613
4298713
134769277
22397654
68868241
41833563
16801936
43018155
108767961
18863555
58778310
750594104
68352681
610011191
637613853
232433606
149903039
245597474
435030279
439158817
4600609
194521519
187062734
605390744
3303418
200430283
670727873
542789513
269648950
427703887
51277367
8204489
378502677
441180840
193124454
775913241
81031894
694105762
453196955
33945638
279552201
35991496
359723562
9315632
140878927
45872853
304058556
245416959
193944579
239824496
265556618
155236938
214288078
752205478
251890014
17280273
150326094
178313808
81439294
9049518
238646280
293652106
13542400
641690189
424750714
343342938
2993361
433188824
249869529
357914121
315916212
115117272
106602907
17407589
95614954
81374334
209187067
75321906
604774120
234596931
811495062
280869209
552741213
7734755
65166375
456547521
488316551
1053236
200880222
304323551
32323069
39412985
273934993
202921983
154015260
492131937
700096676
330218300
391467778
403328303
36740054
310582003
142507179
214959136
190871688
62220854
69939844
99933023
195190751
200607978
633468376
133281854
524153089
180939086
842211857
19359679
26259615
132286949
177020443
187916696
30323708
418521187
87031890
84452040
228103008
5643908
309830624
500039808
524744328
205011079
63579926
179160316
73769713
105421062
392682010
479572818
666773381
345794642
80562657
114221791
425914217
244568569
811968809
468173933
127676993
224349305
319518582
66145421
39384222
92014514
345420824
29289756
193809216
639606421
736487543
241193250
458939314
22160983
120031534
36868210
80548378
120233844
138570170
52573282
16390114
91373964
115027298
372546137
698168221
16707531
23250606
555705121
191114512
11163297
387536011
33008065
902770058
6954193
608259173
635019254
108111443
896013455
323226742
635161225
863020638
375345995
48418201
326024803
466046664
60036756
8546263
2296243
140744815
310931044
114226318
381294785
434345925
823694357
78797779
220268504
60383317
321978146
30699829
186615975
91017177
34555838
142876258
74358479
671065399
131310605
339048558
349663360
430374627
413042912
116104877
82736907
251230619
609522166
16817296
68829294
152478215
725811480
159601500
656296285
96490060
63548076
121673353
251612508
263101310
20353177
159238977
86562505
250111756
14036431
455896133
396327615
438963979
475614531
14368378
256970290
39710633
263706243
71974601
338455038
359675289
85368158
224426544
420285237
472417036
95776887
94881947
367248653
10705927
51444814
50004639
72243059
621656819
25580006
931202949
357862696
1120641
409036239
331140305
57191134
220672339
128924490
49538290
284169500
470148278
207058799
32383072
32967407
118271613
611438674
723679237
90339862
89266861
169784864
44628546
670142367
245467653
46425325
164151860
196408299
59474579
394286975
815708945
977039937
311541482
212329307
152938213
279426580
859347142
3601072
241328751
520363777
44476433
147351228
696419593
515922367
417156233
42309645
183513547
571774369
20445090
566873568
38726446
68259233
55340674
4471792
21529881
31676416
246834183
520152732
27163138
564931613
209762237
106126409
160519536
184766176
12665262
616376514
309699995
572046085
732839975
171856437
384506939
2890850
500228263
435530814
17348748
204323352
126480083
36969414
216725705
4385591
89032882
314090340
338974087
676310902
712851475
299021672
538194974
175369185
227834845
254952510
293966320
305574829
112535497
5443358
89187026
273445652
192563939
109400738
99076587
571722231
27925049
806743863
622258160
289997790
709278308
158369546
377421433
419404267
306476148
430853645
72839098
10433022
79812967
693171158
136201864
63968442
73207856
348165021
409434225
321457417
11446360
674469608
256985815
309345211
25025765
160315186
19491215
17002177
158328387
531202126
796746869
9284534
757385705
50097822
41166584
145044439
241136756
215568818
60667510
18484504
565451045
169070336
171555386
426091019
212105619
132246646
708157169
189184495
116747690
3092211
64970888
448846853
131719654
25446797
179260919
292048548
42373092
3090461
680161807
13072960
7094483
125562475
367524203
398900528
85004369
337368753
302361076
396029338
52903304
40922915
145169861
480744276
928259726
48034614
212264131
47485110
871814350
638665395
722176944
429675535
268664106
275280934
728276720
667418546
58393941
254254759
29671100
28682017
409028419
22243313
781458810
369215783
72392099
14842648
68377722
4012911
113877708
46468407
799414463
10158012
307051075
516732631
213892309
225274944
237572265
25551086
891166652
25481879
220208521
244513114
250274143
248565088
226763958
671885222
105662163
97573250
108199318
120867572
690112377
216753890
407630717
149974948
477051584
93442952
460119596
2831980
753185299
128091358
336549688
76250559
52429817
927672838
265188485
246522824
315808350
20647137
561164830
335019757
69145049
74716422
88956177
449315690
15443361
85529519
41682689
58730188
191437142
897958764
48247360
83302945
432428249
106095705
38116890
702728239
205680509
5354587
199586372
158568850
233705540
132850645
545750639
50593854
676220845
51891152
127709373
84795506
160357916
965395796
474492724
262716918
243980260
232526636
427132165
40716804
206820678
125172451
38921095
863617877
212475606
52625859
707959189
129111779
334599811
164419972
92060226
292082518
68853414
466556025
135559370
61666640
127668705
158984722
571021517
410844794
376062842
66555317
1174735
292234344
580863085
185999224
27823929
154486747
47960866
732921252
364149971
239448427
274281804
53149543
184098106
671552783
763338760
22336213
37835475
391281998
35403617
37300585
389379948
869013033
234466021
392022443
228783678
253156801
108073038
547952081
424712912
467511058
6012504
161762242
76411219
192030662
494352224
4404986
74591767
73656150
310313571
316062951
249895846
278077791
702713345
193409856
63857664
114395173
133392000
75384869
38373215
256963454
6680718
102547045
1094599
547400619
106425636
151342546
152984237
311925531
2125751
243757860
217223085
550610705
276026584
619664772
32935922
428487007
328307782
124619819
104788429
389460166
81219739
190948684
289525805
2122511
145211127
264879203
341112132
523123058
4892190
380891219
382488445
127039200
482645973
67090862
39867087
478715465
227422829
120611157
50849441
113965311
660792589
446241245
27945976
611101393
776266
479920680
88775336
876774044
408199491
582710452
718541907
232191956
2934368
169283013
286293424
680633825
4088211
426503833
415099296
18295805
141725448
16706107
53264622
521821612
227325575
39022675
163617189
343757254
17399573
101247984
1637099
489102187
4560779
422610467
107594362
687028537
687231749
17643741
36877842
287185207
242378634
554224401
7038436
579166466
44253668
244207774
259439123
379073012
10007436
154390240
643309694
674231231
61071956
39893711
333787818
49934429
307348695
16136438
18959791
217235572
477765993
422516226
66824279
98980944
248686116
409084243
240368016
43118174
468624295
215729195
179291925
466637002
24757257
138440184
56223127
598409128
327478917
126436592
224056006
483870785
275737731
307537549
65102127
97724765
607601306
659495280
558867256
108847605
140339957
43386458
60903626
224330005
577069051
451835269
478804576
214764194
132877477
435709211
44298917
58077691
355899712
305592233
134041876
79068346
170672887
63276759
93447939
220046388
67495166
119639643
333570007
92867353
523763
681920046
167113739
75706472
400247880
31966197
131760413
464546559
303057313
119338007
220606793
122808355
65601346
150017313
968794993
48414755
27860499
43672489
55286787
273199722
421267968
93652257
509382683
47903091
286335330
69787572
238004221
328935383
425385955
216257387
36979663
5544813
84569930
570061101
359629235
188374735
440957243
127590718
584735982
627004444
151980946
476707631
470636499
275183835
173652420
353625097
257721525
438269319
116944669
537595849
32066640
462551489
206303844
77027936
489553599
562171364
395437574
70342739
436956190
9946643
22470561
694765410
160607176
37277635
171438410
154022480
145310761
13441190
484757170
136782497
35282088
648709177
21505908
5798358
200504587
252920099
248975560
298671402
70455914
23846905
128514635
63210044
477659126
273522657
374548246
138873294
73280132
149475332
231546770
65473860
318985041
517769983
343747256
158775442
294975865
14605615
273319611
213420390
17909809
150541328
369238611
84955585
128252967
41969938
63907131
251094682
25157248
166668933
196324560
317690172
361056695
84900727
492635206
3473947
89086016
623704378
465529060
321396439
395953620
9146988
110514908
226827599
151463369
305368862
406195522
142812804
44955552
703286754
605901298
641226869
142846379
108314958
128548190
113687456
215200697
149929192
20611631
257799701
214525782
828731062
331112281
468291244
416456325
873969677
462506860
608178654
120193203
13958675
700987251
274310693
651591428
381140072
9860699
15210588
316945311
102492797
98531840
377573308
54785073
63874950
630431930
312357470
60235606
856227402
341024568
99496157
7335563
88923011
330869233
212903900
252151310
303992267
132431461
298202512
354051217
483484589
2810839
261306633
36808581
100701077
38707964
149067800
505805920
102084182
318319598
233289408
66478646
533252011
98452481
43163967
104112430
525512838
4173774
154522581
365776127
51417229
145926846
11559637
147714899
40628063
620038049
565618991
521609165
195562614
600185537
164214876
293884371
540069977
1163667
16806043
289128032
602481384
664858045
197516246
93527372
13678900
350466688
604629869
73257316
63229742
178256638
133407894
522487816
277088275
5611653
141700699
310766472
694288340
424729755
64741811
468814219
187530394
319091965
611833009
54367129
219173171
65302325
373288578
301480045
221719311
49219105
468650340
205544083
488776566
175109399
309735035
441996755
161125332
234387007
118058561
115876816
46380921
668261431
137658097
140560007
199727693
107673471
649225904
59420554
227068979
20109024
727318525
563689697
212116926
129805055
135448881
320240264
212987622
332088994
541226836
113776959
738785147
450342409
1309475
115101893
20247316
562561028
213048942
315066778
14941964
540920176
198111402
39326669
55899222
189218115
220696028
580091617
82181093
692710183
71005663
311594383
428918311
27883263
428359005
227079787
54171730
232735165
692698979
254283441
39973622
214506556
48004076
18047438
606387107
399747654
2450676
56068800
39825602
59441141
50351700
9051815
336210960
85158978
194198312
573141910
393960680
327948440
727144209
143182053
333252175
137344557
315216645
755578296
691308052
26883764
51412723
343034640
111057916
138402133
174458289
197255579
15426268
8887608
559600552
432737042
7703529
253100359
192616560
186758296
269510507
87947728
74314437
501389374
78199991
64128533
403071473
267172450
120098843
144185073
7044805
366856484
228224
67008033
22968243
135654875
166823000
47763488
4139252
155851821
388632681
257393001
263825504
43398132
812599767
65741920
127923753
132767674
74556596
907997269
309052626
129718519
425712456
322438131
390403857
120215743
24371063
31670663
61197671
760665638
346669164
726786802
691113105
356774317
35082783
13035569
7316018
620702822
15041634
29727324
13062739
168410430
44409513
448873966
169188186
14849938
497152453
329458480
37487685
614291673
177115865
303890948
328408182
179015061
8716025
394761526
593298281
250579273
444192891
183889428
31814275
263224735
85603900
514971700
206285953
627733226
15291971
80320318
55887883
598224564
196644409
457780376
79786475
140120055
137574227
362698084
33466985
100662147
650721932
169737079
630113881
11890813
7790189
252273739
20980774
251864916
30904085
711172188
135613904
227786829
10708498
3812224
363354025
224407242
95984714
7289009
309809987
265446293
15243615
292854320
64662634
333258984
68662576
18075901
404293613
248930847
416251317
305778667
318900997
348868983
736078212
36866131
92846026
35674039
263747865
261883697
273233825
51751724
303193904
815127853
562382394
82648705
626572869
221614000
51903187
516507401
501735049
155329772
581454923
164668649
32781859
47153717
279790042
657354269
815550843
101342030
715110874
126987301
469290463
6607782
142589732
141698082
161881243
656155626
171468388
42685712
499661987
874687783
468575880
282779893
168199990
786846225
63082018
254833579
618484858
21165704
153542047
807900939
52054305
201515775
45528012
272648640
27989976
213939468
159646091
654573560
691553107
62322921
482808717
201949357
292493211
277925709
260467
251161090
599565665
13788495
792752935
25272839
11392065
264692746
2589650
198427933
9859614
4404075
484319339
161001925
348802809
287768102
165120230
333316341
849153189
110027454
290009745
162915330
567667768
485447911
586852342
532436513
84659151
94290323
45658235
408113943
660956963
281285639
203722714
63350698
47405721
142492765
954388429
333474452
128470327
41282937
818610651
264949269
212014362
307551193
133303329
146941990
720578615
227344679
316953519
554368376
184338369
263247035
179972555
280818734
303043005
514092254
118645218
32417268
259434200
52828661
112451898
211441825
186131198
36283565
855309222
204480811
451866278
19878413
21981386
52692472
602560752
799957401
156529839
119965590
180650230
532917162
316476480
93154254
181769035
315511353
28592538
434883291
899429295
20588605
118106527
153203032
61015362
335030238
57423212
408737800
113602330
201118799
486501888
185764523
202799306
924544827
364301403
257064655
65223955
82545601
98343925
133688527
2498261
165648700
447776530
520367474
126910900
211206507
223462984
226348040
900350658
559388742
307555
785460678
660211406
189793686
914816266
119035333
26457014
187984576
332789013
730641169
124943504
206336069
368232989
392687929
94767596
50426168
19870156
269937304
57594226
582267290
94647326
577975155
136868730
612481827
35869540
216107509
1088771
357054209
98010465
75411691
498199727
597922004
525614954
82812422
44280230
548221281
134839164
3273018
237979261
72788992
220050004
608374212
972431159
3346056
506745488
25155082
136416468
50053956
131426933
222850492
35205704
593978119
818616663
808938103
83249258
489826328
499226418
165521586
672355306
718738692
666554555
608094645
442800169
291430623
424969204
163534980
74607853
29645028
17184445
409840764
8926620
127506302
666908835
268666290
6461706
287628534
276777705
139683988
416760976
244866970
38761759
730757612
628416536
5867337
301380184
101412995
603797105
39442244
464821120
153551811
59738813
147684031
165473098
79017242
35036390
572488472
174467652
532659413
16230539
31249559
29695912
334033351
142097859
387368591
452555986
568797301
17471038
294093067
26665933
395457290
136967924
118871413
27506915
3356545
370295365
174252210
832228438
758409802
22905707
812862710
674521038
521502456
474599716
365436445
923116705
241497517
6139344
78749121
135201873
351022665
163197032
125686057
56328362
227461552
324906917
2677084
35741554
506153943
194861266
212825956
294657292
269966722
46685812
196255741
338720750
248885941
132365325
611697727
250017234
200422155
666488316
89216600
135778080
38267730
366940325
413914072
36838165
40502906
92678644
65275513
583571354
362747235
19342970
317740621
131128117
17382657
17789324
312377841
459719382
49497185
175210243
220905031
200029457
150484443
333085216
342987834
497897461
562332873
60047476
1999851
305843177
25166562
538001983
68183823
278970550
38188498
443387498
370633021
7527146
17204538
170322708
19431953
344556160
644001884
209768999
414947515
249729999
7970126
244975981
121146772
2372423
606638765
740451733
222136858
89080872
1531348
371572108
126201865
581172220
341257756
663118547
1164811
52878761
379385666
177592656
14376824
36361993
577294768
645915055
274103696
24067267
64348266
125744
526515989
359105666
417651072
112061133
536087136
635407204
695089936
323005880
474811709
75770460
138427798
144722995
24645416
695272923
765874948
683659919
82904277
78546127
413201750
216858200
410257144
47345389
266110313
67279464
52625605
143703509
8762858
293691350
173337394
124229730
362434207
78975662
338001656
47149843
279366016
638893039
335487340
792058759
1149484
145010963
93648721
123098747
12837623
61547330
348365427
38204703
231954173
31683490
507289872
122150918
581262353
21688782
181581876
6946923
584528708
247799530
14821031
15815201
83782922
78084156
25384162
7624179
489929691
11806585
34894878
124476716
591105449
91822676
282537336
729459767
356836647
253446162
900406843
43717936
126671552
226399099
475322440
375098139
33071851
532525381
22605161
519269061
541339822
378661755
191255043
357803388
146026199
242685839
3512885
91554569
826674600
511707426
21206892
35974067
497143096
8761424
286997851
633956009
429028879
505587505
595821159
294861756
208388686
329373680
119107327
14138924
54586090
32851815
11335631
235137858
12717596
737600869
605755447
87594687
321964613
90548949
298329175
795419257
38145967
390240997
4266486
63281810
693370168
150782829
25993651
22015472
160340808
229407687
270201624
117119448
795387281
4225009
165386098
244629773
217253408
236097594
556394341
820840344
84491979
579184749
64162826
384960212
24105163
423030044
645040404
251847838
689768437
3600973
281127910
142197269
208866833
142008622
283735634
451933040
417939280
16593928
535491779
445399341
131264350
4541693
203404581
153331351
158586876
163109954
9707980
481006125
21962632
505806834
123117952
277223796
512959838
458215086
126637876
69963135
41398846
78235490
981390311
44864464
13478177
956754578
598656099
620569932
28515745
206780182
20472593
81628442
71303054
51658637
31333548
29296889
714111793
484979755
907911254
114992402
119527059
569036100
953031604
144746241
94862038
553876128
268730530
640014428
502955808
527976290
714087410
9306060
93507370
586399634
644825848
30893014
580382858
56734798
374779635
69202093
350040774
90995894
924994992
299021220
534563508
1999666
292836171
102106192
927157525
34294502
156800052
73137427
150215099
355070152
6162378
816749234
598159884
647835932
33880297
358689088
413643925
198371325
124532163
78669743
70471938
371778377
373090541
440283811
118721160
323628515
363617673
690185731
251671558
610646568
108152574
14447008
805107078
8064470
798490290
378464963
760040691
13105541
336546655
92204346
415375451
44889623
353174706
286433453
4766771
230348244
568721338
579715114
71125005
785479712
669244627
329574907
241838290
12496510
600658755
99593707
125446277
350030013
135615880
113201100
271060415
99833279
363211922
867989646
31119918
488581095
10565062
284308433
97933285
165337765
703798657
62050598
169933549
569024686
130422326
68231300
121116701
97869721
195824413
278761971
182801362
193102525
35933942
111950951
738056806
88590458
392982648
335901436
150407510
38040063
22110572
252005979
741760597
453326080
425240882
785046419
241235950
157753740
10944931
447731446
470750390
486153316
175137809
98839074
520707921
239654315
94643
456460916
2882377
323479424
97142632
15563710
14350882
545267651
588830968
14161442
22706530
80032261
103726471
193618912
8477644
106262094
236704922
268809142
142264661
41855936
128629873
600008583
309831674
349557934
194399856
813055138
198076970
769721251
516142195
399703984
86359712
25601087
3772808
29515376
229056329
202669137
794857120
866143061
755779814
309738880
215289949
584375836
284686333
17078111
212554516
279508134
874824202
631823309
19912289
718676528
95608667
465178741
97533773
252096866
54798112
148352645
312989236
251663815
138321296
602711918
122579728
248986213
658932093
77590993
275222724
5767300
38288437
3964617
465491950
750345354
356177481
84056788
34289251
507340407
236697343
21789156
361755822
365358000
125378123
185648226
112747290
7112341
329658624
318336556
187265915
152295361
80604230
783425931
164858957
353704491
309763756
109954748
10723664
172793233
77755329
316359372
224736791
8119581
49087200
158722530
275207706
596228952
3528164
194034697
61419779
258073849
72433571
570507130
692169577
203562638
149370283
374216645
137573224
92452869
152174708
103857366
349450295
404025176
31000536
385215119
210595804
637268999
200952508
112668902
337907869
86144388
88186348
92860990
281751681
53374568
7325803
322896717
54883182
14070724
67630562
518049785
424913226
345229225
184519287
93782259
76100543
329574086
140197273
617582921
423431100
182651093
331975894
652011712
642590646
222300630
39921892
53663955
54179320
756179665
637789707
360339848
296374488
88559040
93729560
148765752
36705029
684367192
376358763
70650616
578678181
35600635
141286410
170003007
186239002
90645504
277202529
117853889
413103951
474547652
44549973
802423903
328197539
923343218
291146510
344964
127790113
537618567
82567063
680437052
1018023
23165437
802978
660079966
169783645
356205517
512660050
7991711
237445228
256753491
974284066
355460481
195058416
111978918
59594936
76186039
452990296
123434635
24556
339230765
840835472
840786967
243628315
393634664
146406195
590436582
496976127
191501377
345711839
70603885
363001997
15780605
484470537
100461353
675915428
494887953
40363498
359538478
80369306
537443187
46251760
46759408
737211229
245957674
376839837
112057045
168740839
528402581
32883094
463009393
19278626
84112784
714998454
259365893
518679620
78238815
18529783
46199653
511389675
107491443
352605002
473114729
25782962
194191061
854966747
35052755
333573265
7425427
129148538
214041487
152821264
672773502
423164595
326676338
441999819
306117158
61872730
163324521
529412872
69751317
27794329
192728952
156655759
89435020
361384003
359831579
330185832
224703873
64038896
612951515
351466284
124745455
415826305
78068
171890837
484563806
110153700
610411785
317164176
75140980
31316365
91595729
549065168
573191177
159611364
212212467
56712021
276791049
68953677
20106084
231973382
432778187
109767264
51172590
487614816
64895467
462591365
219156529
219667670
363493538
634239560
15740035
100679291
411801881
263589676
157161150
731313312
286647795
51524960
44346205
230113039
43932222
484035619
372016038
333330960
974710887
219678211
116399384
271155141
33719
244180276
433074473
124600049
204413024
95368718
358739621
433193226
194603390
9742706
184789716
240452000
237016933
158931735
545415608
308602910
431140
132630727
364552896
391775381
4835891
36585616
714089156
132108891
929671408
351056604
318363455
160748271
89507763
396514983
411505158
622883780
88405963
215856257
272941641
356980710
136650162
400587849
90973220
37809923
919773823
385727016
390450963
62555622
67519660
602459123
28132708
743239363
543942499
533015464
382936621
132979575
830453065
347042542
135428798
34031110
956358611
235150772
440637079
422688878
16939447
149960768
1062191
110889999
1821270
687951215
793821005
293149621
296099051
26358622
731540735
14144903
37136712
446697537
326980307
522755000
946603089
383291090
207243585
32965945
53962703
110104811
161273277
41520332
244413323
31261037
490455713
121718162
73361284
29607422
562025407
481586162
9762405
27847351
3220409
465487171
915666079
308154207
23423098
495054417
85277594
41791226
139974379
476606475
711002468
242958256
294429786
169699276
249154207
316621473
156320644
49126434
12273358
76242878
320333908
413075013
567303645
216283091
228164483
274203599
245990948
198780162
384812100
250131606
84142142
98313315
262785891
235882077
232803301
40082237
894042848
109424359
116875073
403049631
181649710
14887507
551262255
767915580
117516770
154913791
101454724
587371794
13471458
456230185
577250483
597135551
772375038
57064659
581073169
531522880
223345156
369621122
92999208
339636946
630277530
190696535
186945038
127223908
90078877
410528399
226337481
911020069
24104084
120225221
598490440
125984983
119893302
4282051
67302611
54075412
49426167
570919845
388080654
80132582
824026739
72292237
616720093
98174116
51643066
162238705
555798479
744951827
378463832
5652985
33114944
286694431
168250980
409672555
4031460
375181073
22799366
101898040
60154236
121249552
25098652
287230007
533481388
57992969
501748096
110355607
77939483
320314542
722088240
293601725
338559313
48594316
122941970
34702630
215698129
14944548
332679487
982243196
13073280
393620703
342005945
546584607
277092909
528406680
185957556
582646308
462019967
34166981
385884576
42156047
66003064
19908390
73881561
384437773
659586100
2787173
278000442
350517852
40651018
356076131
561434152
134280707
200639012
652095293
195405214
65388659
263103776
31662129
575977968
32284936
218029862
64682650
219748587
29272859
207908059
33965473
166646442
230062529
46446297
113027963
317553029
55374980
346837954
162082088
60069010
72216510
87057110
311540963
224927228
27268374
617964069
157148979
461070814
21669890
472612620
155506591
802355780
466454402
864096305
69214090
92946428
83716191
16719209
752571450
33693438
119041469
479867613
770878256
96294529
45318386
643405255
157464548
98498510
107031929
269734061
280958137
483897136
725783892
663826114
426178523
731324001
6017793
110323668
122227074
2083838
17493089
314330705
65966452
464482951
127769137
113777095
113592683
56653987
5109062
694282281
615606124
412563845
584712
368517534
9488017
4273443
29974631
59015535
41761309
43844226
817239717
532624027
772426219
391102238
450093430
132741132
306175742
294234214
687646245
55000254
415475068
4311216
65163100
174063287
503540762
106164173
294504278
45006018
308170422
226197519
548347808
11843195
73228193
228828832
591652164
8138347
114497222
21938984
2249016
335242385
255005074
6871085
254969453
317826215
83356746
50779631
423251850
168762614
19913876
287984490
108105132
701572071
840192361
44998968
160169869
97447090
200721960
326925922
573463114
218600820
85914040
716549626
435939791
427197435
54314413
205753674
144518329
245525837
435344133
824513266
5384256
193740864
272831024
188893023
323067344
87645471
84149713
237359529
794031651
8161771
748491376
78679296
57107668
189864950
46475792
291407827
131180765
532689011
231115061
303741175
334217113
148275338
133684163
211287705
121182506
728080635
105198311
553839832
236702332
168843105
155941787
221561274
289215633
222360171
529813078
96273977
143036990
585708546
323505138
331835527
167469622
517955300
368872400
207348151
251578551
110152699
92105914
167238264
354691425
131670529
287698600
422241086
318851103
31440566
700318927
109571392
321791802
464067159
193011743
168214469
23272069
282876642
5376292
354845324
596213333
316426579
118677116
456290551
607783517
51884414
63966758
206811471
367964986
17992755
118636041
195569140
1521756
16767620
155950671
606565537
408662435
271153936
188486581
58384091
242219001
177750218
135202059
87090830
198510909
331251244
132543324
30973024
54006603
771669002
77676782
13764833
305465634
453058125
97615009
532323440
452399997
282569718
24418490
72592687
391342145
434006165
104582231
264866770
172940078
314747100
97312734
112976466
45935408
47129632
824153628
109146990
285213087
380846012
41803271
216661177
133984647
320012196
101595966
484992291
276996675
240811710
105326875
23576287
290812943
596232501
24129353
385573629
32782707
506494039
521104258
63701875
131912817
259279017
579631258
113581703
16768153
25164620
392118427
25154011
232179569
432780291
197243197
322016212
269693767
54183410
80121951
61957455
230294603
56181094
121439872
552986345
601602792
492142985
277502049
356856599
122072025
347450093
254300919
315744364
195986773
399479188
720749261
432560333
349560703
362978808
172538697
667765656
262834612
239348657
450247676
22865922
45979715
53637040
5685020
15976884
53595715
193204713
374879846
54097123
380088879
295752661
165582506
780910774
391152495
160861487
9130926
265489879
287433714
18184088
738453203
500250599
517995046
493178232
251591181
201581395
51735360
126010153
152800474
42262630
24426737
322941955
65305579
247791879
322365958
93895666
47796697
416990793
623131092
186797603
738579258
675676290
206077183
17925027
448817154
171470815
397589076
471251219
59591287
544842995
361205572
359103738
93072701
232361226
78457348
4160720
326953138
655623217
169903681
100811883
393662587
24971976
81965930
329467893
806974782
324320986
52407098
166534169
24241780
60912561
518345184
13449237
551702349
370759005
744555343
338118968
73633671
289504805
153576323
219865366
539352330
134441176
545855821
579014710
409234520
550884691
403038167
274895762
34503671
576270154
233962259
428899070
196571764
587757354
198896974
49149117
533447039
217747670
769822
230489208
299285008
348840760
138978774
508756242
910366182
113810514
215929283
383990533
26663169
280283666
177537719
711503935
252925030
235972030
290073442
182758413
414579687
608755731
537181400
273119056
39955758
609678343
673318537
493717933
744453185
13583812
432982607
81908072
766594468
344378152
180502163
403604944
540255268
249847783
83446801
402395607
51283475
147773714
68961828
201884890
536916062
235437821
724016562
399301814
473328116
8220688
265994252
583385347
261515616
329121236
53786858
210257999
356711657
967142873
141371020
924824453
89907001
127923673
500200951
122898517
496432528
306153613
134400011
651904021
31098191
101711104
43707231
563933051
38723831
61588175
303344976
688340788
24815085
96642412
374235659
591559490
317444550
302390208
49250828
929618320
204691670
674983379
39438456
292231063
11017818
19115775
635895818
78126545
40005542
338155621
107454663
365162221
223873070
658625959
281422543
31615737
499382967
275070086
226430447
92966652
15259599
121711006
492582191
73124994
573131590
278350746
688429533
486837495
102004939
191942
191398002
352630603
405598190
38412502
152680706
223428009
42462296
187855867
409520668
15233822
330502860
15495369
83403208
599794553
88631716
385128361
568006170
114409472
121741138
410921562
477069600
39948192
68710083
128132941
108549922
221499824
909630910
450940852
275806196
342634771
262052254
49813921
53418099
238008054
66583680
62359142
692324355
151756146
699894199
401409234
563225816
313141148
305528333
181182365
363285174
328929962
319702932
264957093
182650027
166977855
21234825
275904011
635012593
274379275
21713250
521439391
861319097
445316770
12006897
83650159
93232211
283723978
83543324
90528570
889662578
98873412
330102105
132820504
244727286
452612492
921778050
402552081
159676350
212556887
73750914
37677502
87079102
144678628
415598252
531930164
74579846
53114093
321128917
220525235
156500185
68887008
649922928
144275984
523588005
582237156
132400677
275426399
4160038
208267756
113700731
296933112
146043906
132259329
52078407
899855428
293631243
28185189
241087093
451564370
355087514
16044464
9892201
106719198
921067399
43770371
269871360
92057857
31999366
654523481
263729322
165020119
690650122
45568563
26739356
305657493
752421879
65601329
490894007
13625027
409077826
237508607
534990366
43528977
203802111
266610740
215936685
178719214
550131066
147174926
42540469
81257318
684742719
21213903
86242353
185515428
43696614
185995944
812597452
159988513
666638517
88813619
543288214
4357303
4639160
17913655
331173851
144040059
665740064
69484768
128251123
376141098
392827437
418104601
183245804
17701046
895869318
205415102
281574750
581446335
63197926
275499889
240097834
275288926
44076451
713146386
15050196
80982822
158164151
158432443
45510968
332165195
108641745
6753811
615221915
96455143
190851592
148322033
641059197
695292787
93434958
576197604
77522059
205790034
561407226
316072174
19891972
99534083
147431285
326696856
24435789
8326022
171661980
149644250
228358682
582380846
328367158
76502052
16270617
279617682
275690292
4820262
355353787
42929335
803726288
604502918
2374241
632778385
19765966
14628670
430156703
68679628
274611903
8911328
169934327
568072531
360378352
206415150
421010769
59956633
91202701
291522751
10046175
5508998
7317769
121572482
349177276
21337672
436949550
197315438
543521192
179117286
896161229
441236259
459120396
758212455
108879258
281966165
27109105
229906559
689344111
289353356
289309188
176570512
383698159
570645166
47589101
579541753
263455204
209384552
900433658
8298530
462003743
140365204
400497468
802651714
317388000
8893275
5906243
953781917
58759486
195966747
696430831
773252509
568103898
14021435
28701281
75187198
73325629
199184660
43397902
92247388
47179664
171223176
473200243
79038422
43439741
218365947
13312155
195230941
753648955
423272377
322649590
356502431
78708408
204020827
14886467
283474837
9338852
62837605
523976679
20496155
480170902
420519633
472655186
81391903
387523814
199869496
254445538
820391277
17293498
101587096
620284882
63015071
467393767
509956994
5167037
46228041
122234532
6560746
71994332
167474614
247267991
339891709
629341159
146147633
92239909
495389268
14156522
62628919
164177522
41627118
32740682
393760901
631412420
371520495
186260839
617959297
85154101
186567366
124467554
127355734
120779341
23152
317843437
199006894
169013725
397712720
288749011
584675696
304390636
255016700
133313196
237968403
575821565
19911900
103090808
656247791
122579766
325013737
357934582
168621682
337740316
34837621
155464755
1910599
632551744
16939556
5808934
439505192
97782681
114370767
1761482
405789624
124166771
333218531
197094386
754739
365975422
118170157
126731310
62273607
95632175
79168876
30310199
165634290
316537513
50290516
725346779
412500758
170917666
663154350
55283097
10925763
336086122
118932887
67697799
541297589
99575819
928691986
506452752
6751812
66435575
156331815
772424689
28059844
114227426
531192160
573369472
59175094
255252246
159070700
260587367
17020621
36451165
890698325
253673821
407807559
521071219
192770273
358089311
809293458
131288811
6259704
41844302
117788104
435154442
439362035
77200559
204054851
823110323
67264970
279136725
583984787
3711611
78980517
191739920
29472444
11898929
551477342
58281276
378695859
115139455
758425702
119597061
949888040
668795246
18469542
135890881
34639180
4569908
122654464
624643967
38084870
221599636
39076132
311745629
81157311
513393769
120189191
87549306
284869456
90533508
783737307
271394313
14402951
161265266
578792078
540118260
296570197
40570331
392512907
180821000
318949673
18909249
5937138
108433767
57359503
323711661
299861712
209485748
928687078
361496691
89315885
373566282
4443028
123957921
297247601
11403152
742015342
113641334
537455964
106936980
742523261
54011123
14713294
188973441
693199007
57680585
52760376
272516051
573855475
387331598
94850682
102877527
275084831
39307123
6852504
264499136
137319225
623346583
315692151
649460863
118239212
1224036
246885983
899698650
359550876
205798685
82894852
27924472
47751233
143081761
5104025
513147449
169380928
556657169
51284631
195753052
504113180
292333962
206018365
2933719
364173907
121492573
379093468
137723833
65719070
390074942
182860634
389407459
29763482
9615982
197838640
438058961
399238637
39015074
576573073
330118474
253501297
221291469
431894136
546326307
49610520
539915005
320359232
4120840
236946658
24328492
523107761
164672441
106779562
388796879
34529277
154519992
305528840
120701148
203752728
23114612
381519671
647153676
33815539
233983673
292179722
206517698
494389106
7799530
699263244
146333762
26763563
967524430
435526395
50143924
72046200
33518182
1226571
209836752
22616660
52455991
490013802
215795780
532765359
83979479
389241512
288861594
639281379
67883012
92587584
26834312
61155697
545276105
784478013
299846652
493963784
62280662
20510990
560960661
329444236
204748561
23871409
632959735
216180763
662468386
104483696
60076180
640422303
47891705
490660463
751766818
48644716
468691578
340654716
474689618
82739377
132476535
221979221
39898906
434572223
569711188
661259935
129592664
386947918
465673693
44107050
10674862
141361475
194337757
24804513
122480822
48974835
573652117
111355081
155796467
91981222
424559750
20362058
495029678
591902614
180343766
21750919
873780689
456787839
487391750
521146949
593505498
469265494
393799257
428624644
164143681
268032627
24418621
250174449
628660601
120473561
69560088
10714087
668635787
2110398
31049562
229481617
811024337
402809276
599277941
249625846
36329281
493406250
109766282
3813410
229890556
457812734
467063894
222896220
182745180
613926030
41784867
479703337
731922031
406022792
66137923
38833785
281066400
347869993
42283364
176612484
185210238
667373241
466144781
905370353
781710285
307655213
1383016
246805395
97331540
52470426
328934693
218852299
157973223
99239908
538615269
888210387
153341517
179925295
1654894
829686188
169970519
470897721
112062950
812702149
428439220
122351029
106820681
575742332
167876067
201240041
406159474
175635428
6878145
62375236
474278606
11206354
366170407
670660752
249406814
102443285
303661470
149177365
256621142
15465814
17873382
323733337
636018777
172636089
790191599
575868702
20339635
344726773
413478683
69692881
292843139
128154553
276896539
161208445
279349684
421320470
483642916
200252987
48047502
239314222
102876120
65952744
527227502
336937250
525342319
151286524
473237545
609952909
83582423
171441406
691458274
237117299
129710814
80187269
162210600
207178255
158355353
473913894
173400643
332754020
16958534
456936871
183904565
183281380
171593440
581423727
5306955
354887658
135204549
567214
5042184
289603219
341721782
282967062
58726650
126332093
383382214
175170105
532774657
358512314
746034953
561832215
275865592
125893942
416971914
478739369
190348823
310116439
445355303
50184717
63325877
472230709
93007914
29476827
516235985
473926687
565236373
419920772
257427845
780074308
470655823
804066682
20082064
565332015
649972778
25765519
41480402
147299479
35627981
309216453
328958836
291052846
252554870
142860330
448045312
398503968
5055058
93752712
211075753
81057029
638515703
116839668
728538867
853511770
206760713
213364202
88777059
11504115
382154634
847742607
27858947
293098216
87211795
19198244
101002186
225857857
8955245
6048416
268756088
889312550
265349606
52393836
16212758
636443335
45111472
15962421
96123300
297480475
9916023
391820178
322030659
41153011
252508396
443868600
313943009
908836369
103502208
20896408
215611944
132873004
115973786
151507130
423396041
70160815
488890208
450138297
55899251
36068467
14075336
49264430
667549539
401886234
88100314
345400212
433477987
378891848
370243118
24044251
39356439
60770392
672576022
62789141
88097648
73926941
207834296
246193262
126058477
517237068
20806616
165549919
168939166
35427081
312050884
100258502
96129332
32732350
66537711
18953107
32890214
7396315
20423545
36453059
902403104
203781296
298858948
100390335
341209700
162532524
837254925
315830350
507371542
35180324
160864916
378814234
78791814
253332246
121126745
25281679
549192784
181031565
145417667
124712004
74940399
140313171
573290778
277426386
251879475
46598886
386089204
124581223
782805019
28495732
111266894
133496202
58088837
142644183
881935677
23165725
290050488
466587228
262994968
558727805
31633442
109555640
1484963
660135873
112400426
218054950
154140287
686008722
23659456
176399011
71407541
134317759
428361576
176997083
52660896
24591851
757816825
72833979
86637543
64737171
417841652
145010789
9283018
5316711
267519412
86489391
211216533
504559764
272396577
318561692
556708212
217878173
393377013
3305137
576017574
24534237
214141749
145967344
27217476
429292158
75029150
631690337
274708268
264508339
211744022
128404718
787716556
491803868
287519574
433120041
282442788
199869982
111004924
282201522
461938727
250760925
429308962
225448700
279240659
723540552
11320612
605022740
189778495
161333991
26048369
752099723
635798348
761141290
411923954
53592524
452179405
674703114
190896854
104170455
300893972
119895068
280053471
608276954
153190007
269590868
181689300
20284465
769819334
639553735
671183
218808604
69761580
145236858
305322074
290320031
216255281
575986188
244728516
34957785
117339027
48907865
132215528
154717971
839421342
187844069
2530331
176483953
986410678
87346766
81071841
9042561
416266722
133828190
311301831
100808713
310440687
54061273
141669205
309364039
131090728
391760292
446497014
298631926
137798432
193419463
49071396
27994122
290238363
144843330
825751181
101225318
767862216
111995712
751553903
23808553
8645330
220067669
543216541
50227142
395680700
341609127
537822863
193849859
7437707
255948021
865230345
59261681
180704403
718366286
20097787
438719575
174459501
224656762
373987412
247764524
5955836
1087007
36606160
65215666
321087736
15017947
389092672
114754958
658955279
11371460
391937410
45140502
699850457
318249291
705941634
318353616
532326675
20806003
868843408
457893906
13201794
373685035
137878258
344027623
20474325
187286014
349010335
249751701
181112740
362176427
67775530
554034408
104614363
62863867
115401312
13360862
159734854
311187490
236780962
59882112
6278934
169377436
748412545
517424774
122505232
318136992
175072538
174059709
731484393
490447784
46552383
299787585
139724655
223794967
538489696
126038164
353383401
207230865
674353833
145053417
7343879
424859466
20883826
693395268
725520151
964922514
84267681
154495236
414606434
50544256
208332371
64213636
247183004
754834977
255861799
178919434
40772539
371691047
138279714
36397566
23729338
499850851
354767714
76744766
133226107
2126929
21209283
356358991
469231622
255553945
312018363
24179542
581542184
63259858
8712889
358761387
4313706
329079792
59001032
653671288
421525917
22578416
285165283
107482753
474125234
39734171
85057988
209384030
289976017
183274081
962600020
588465630
27560148
67211170
138713300
238891386
138861792
205040092
117386459
63406863
53035967
15750573
544025
244572133
97379190
128252317
458692917
17881789
123546531
859455978
76125797
693352141
85547167
115802895
270690567
418865925
568580761
266289721
198209043
573459821
334354088
401711333
46699374
618298113
598272177
792310255
425584375
371241692
82337974
74130052
171509511
62858573
848476640
765291950
54284761
191044497
45018867
372083525
223314522
526584359
34557115
741357
140711443
459724868
32339367
877035
49951350
993873349
383076670
469466375
191985096
243884914
455074985
147484535
193505327
38907206
56315671
107496984
4471122
612791728
63592206
259672377
310650930
61569595
9294166
123483385
11087343
280260901
322047482
30976960
178171643
38382370
985482
22740749
90638684
69094519
636255128
542852835
177917779
36684266
127612110
193048188
393969249
24575980
35450502
39485988
100888040
232292031
122202593
462443267
239713743
618324574
110286274
161362143
85556001
533999919
91935905
342409063
79918338
268118588
358905675
465841872
504009516
5233665
107538437
137960094
606841153
589223144
153822791
23389073
4608627
736284148
856554143
313516339
3137203
174346201
19600717
222170416
245248683
551914419
314981513
278497032
104855300
438059927
99450426
478614064
63836150
380732558
16334028
388192269
564751791
613705
188999403
2580739
656391834
309356515
640889223
276178665
733870444
206909743
16459069
110394780
1574178
843677255
141186020
246400230
182628116
173078274
227746838
715363584
537702137
436833855
522028952
73627840
70552883
351378339
524216024
33910921
59595829
246077454
238457683
203104505
93871768
151310896
393466111
307929366
19896392
673658688
74058037
123346635
72361999
3487074
742883736
20741659
338359226
332906862
489875662
277290979
584397911
303832116
42202077
163392035
273996883
571227919
110208852
78601405
53222213
1652447
452183495
127723729
88130586
45130740
309660035
649940150
565910944
537688795
217592305
3657255
180727065
506660224
144006119
322751261
252709916
25147036
93952182
46773293
540326808
417012404
296589544
352985646
127674821
619153056
59511750
13467038
94645689
42681418
314398251
925375335
298357040
463669635
176881569
279524040
189192516
105469512
26352732
184771335
123630587
161306613
291350733
594702821
52948203
701279386
372961604
62572189
98687886
328387589
114101991
8531005
109771451
400998888
117986297
605196413
18278525
361981349
257695689
279013944
262397728
424476240
65464231
307270621
433800988
61168647
54982010
137396671
26473448
5277673
198045525
90885347
18737034
123925770
620799
54982375
154270965
262916452
464145353
409935942
299672307
88094687
271616401
174753407
517560249
652817288
35984324
637680025
137951597
125029636
205885410
234857052
6777652
8101524
142938972
299810829
169084928
410236197
277602993
337238798
302388853
559087774
644926178
314949100
29866373
37693131
428591245
65379204
91241900
52748165
456963284
116974333
456548192
66684917
193743723
934691127
17846787
274212090
370631974
700437261
787554319
273496531
301964389
85269436
197652656
34757622
186720509
239849289
39006987
168403603
260113531
274446814
436261594
184216239
367973504
108467938
75989364
810276829
42834545
22155717
164497256
595786433
276724053
241941524
854037896
125124240
502251712
296931605
707780591
224405044
74838207
140939241
196049173
22225179
29064035
12247335
111532820
492395297
30310025
7154146
55750087
430747915
25619965
24170693
26420552
634529228
15226333
536615230
302402982
193501198
506272893
154530778
38061900
262837132
315914743
321373285
87448550
89132143
166817647
546288313
669165964
439780956
802837957
157234505
197066451
52902015
56823501
70107863
474750864
45187835
19568321
135290345
11460352
7056491
20027871
234549007
648643406
199396566
53999834
9094127
52192239
11736819
333576328
513150744
318467513
23196090
69209789
49896736
85425952
70086562
479037658
100364151
161444804
381311750
104806834
336150204
447272300
1436445
521020876
116791583
149598567
39118168
593573302
105964126
668763644
654034313
77357330
937099979
314511981
545696434
139042922
28141313
604567233
82578733
935411509
344210259
197189728
622852528
166518889
319509839
134899312
157556845
268928082
916664998
381668965
340360300
681558678
340171056
167954934
96590739
260599491
318264192
188503756
14620298
120036466
103809931
174402319
757826491
26388226
598150540
85168136
410346811
284592700
122506671
47505633
309389021
107149100
126485864
130242238
543225257
182525100
254982326
37998992
432384139
363494321
29579981
27981801
42314729
858123488
108720717
62229598
168096099
253827859
117790894
1918731
56514122
521637156
201383222
238586136
524710127
12840595
44115171
169624873
60475141
152682407
27227794
9225437
431966830
11010641
225673946
3067455
118430122
513866234
89385261
12712029
51227260
181419924
212920443
90387950
22184269
614460071
1573029
52050038
518117525
89897184
64130709
15941748
52060163
9870705
751086688
35979010
45523480
282689033
172428862
77698234
978718643
350756132
109043754
16617226
251980327
426310883
81692001
3975064
170633724
421737393
100754461
10774463
83659699
665690463
376544197
387431850
391386502
4278172
983813710
23233239
258992219
242566512
28580227
69936603
165894449
77745327
26241477
362097573
121503426
135459699
209505895
805505511
2449143
20923139
197365999
55174520
248535660
264922818
167829271
37404890
524044501
470806833
542547022
39662634
392247565
85939887
70601307
57561713
174418729
207827494
257674155
223966497
23788539
780341602
206755490
742144256
118969102
35023465
246957186
554341441
91953144
926584156
250439851
194105200
52507331
11348111
642859402
941351707
538829285
98180609
167134225
496589785
69892933
125488581
81066802
508429146
22481714
756229993
51206248
158635472
217795613
594787502
322707432
682881705
475332233
92205994
31651217
358225884
77349463
100409904
70250542
703331850
90770855
644640076
86560034
411660516
473285383
281566085
807635148
57422569
389531333
114523412
101125207
130292878
162269062
726624599
109380946
577390824
1299950
80402437
112202916
308058234
307540871
96152033
192007591
361742799
50172251
20739269
51828278
68002342
32310057
250027288
44991171
200831191
240400624
26634227
339027
131463247
865397123
145068622
51678628
70765931
441908242
107411820
220840331
107110357
462205702
840642392
62915515
161167731
509320584
96928269
238754454
109271902
3555253
1239682
207411782
298416047
57347754
724586861
38665351
60205211
82175507
12894384
28697699
422567203
51600464
216909492
332230137
130600156
118791883
12770717
401747783
28733408
273119002
179894172
89921488
107249280
44501620
3748508
80351264
780855738
498636917
51088948
283965938
461645881
25159240
12936589
7825638
118683360
99360027
64155395
375988259
651207589
13416203
618853051
4085613
10824962
371973467
539796905
69204691
158148454
522395721
216197278
123475832
255280916
35423981
920667908
163126391
128162264
8633210
322169495
589580581
286491563
94608297
829073926
119112340
610579670
5977396
690114909
67896119
131217542
827092141
14853309
303055367
76217690
19910958
354561477
148012203
354629478
525744166
586129497
21105718
103542302
864566456
42249254
105935745
242548686
112546653
359675397
34114122
476984023
47254554
25970059
50728094
668903070
246223743
73158529
594676740
930248781
143784182
252202835
56819001
1880947
12405990
406611124
37615077
362846496
192107620
43873144
18521429
352025880
396424370
601789336
59721
253737664
284014749
437612367
192635979
650404154
319651100
540930902
235574781
452699509
59889127
170684818
51287236
715077667
446669499
597147127
13821140
202453492
52012751
155738559
359422150
353003270
646421507
77972332
32591860
705663107
406070592
86050245
861924653
1392613
165600066
147876532
507778516
362108024
22223650
3306222
547098201
458491503
3083434
140076042
459539218
280810683
15351366
558513109
825741440
167622242
475398257
33983723
998402662
195883594
417387563
38360020
668841364
150267190
968831315
74856882
49917882
132726203
685605818
235754193
76864576
56317444
890150664
483206545
60651722
367875956
29590148
800303003
447856118
651811708
64465050
30690295
34516925
20476757
168865929
267829801
22741958
121821389
402535753
110116742
653605193
22286228
26445903
69944050
50156194
603469
23639292
436015988
830875818
702146825
223873025
716124035
113272058
521998009
432968093
639992125
403332179
146055082
391318285
485340342
12676601
370295169
88528855
745066574
767593995
22203592
277713152
65407749
288911011
242349802
266606480
7904588
326625561
59632854
288077061
3552123
229591851
41090776
740443878
621172033
53740307
140096993
313785338
959369854
903992368
255684662
105320948
70280072
25350622
19934847
329075916
45738466
197634925
299738547
73726499
149485516
174405300
85236
276097838
291159623
126492344
410243207
44053879
86225180
3782276
235756678
95586341
143449376
10157925
54422150
420395155
269227570
391065022
81550009
269456712
55835420
107398604
142616450
327135794
519000477
361150125
164578452
220092524
94087225
62063974
27068349
143138023
192508455
458326502
227956402
137289465
501661255
483007866
114059098
15532453
205237918
39009918
119317424
824596201
53732533
27620622
96391814
120143190
655022033
138282495
193626419
38673873
52846516
506413453
53034997
160609551
794991061
236617305
296736653
341434179
1984753
129012377
219215553
528488013
656814151
752633233
2450611
127972610
364815829
182907953
5660338
538181958
90687345
62353995
119193722
65236478
120595967
851560578
710909378
80436660
721631
379180500
886602788
181502726
156869774
179714964
453387391
615100142
925155811
456418649
673122173
11860964
124968252
200885973
231392841
401439785
376862469
19503528
84058875
304423333
115436039
532736581
121808567
235974588
72614151
410567695
180697720
515798529
5653365
76042519
167700140
62432832
461932128
353406286
815835095
556660002
258814090
48213526
466233040
86985118
672843356
209113095
591301414
124192540
319759137
50076373
110311322
286947253
168395326
5527505
46240554
38450349
302494490
63452371
199267208
756928269
334875196
353188310
48427132
130057003
869355498
53456978
73810873
78931483
267235824
172203973
260144911
196694537
233735600
631501082
344609918
835619147
159761901
40018920
50077913
9875359
100133818
165318979
275387889
392302263
260113039
3783538
302306928
252465649
2262665
163816797
188305927
321127442
198302771
109390154
344291316
239791048
36985012
75208573
9110380
311369422
53407562
556600375
510498157
82631022
102217392
156779520
18558165
258817905
108936504
669909598
513835550
215865290
294985399
219607137
951152400
504018922
606283351
126162502
182094873
104420777
908382557
49981959
14941477
251198447
720981240
143580086
319129079
316381119
61102472
8379165
322616160
111416041
229293223
744870
70538369
40670366
189643974
107445661
57443950
203151623
63180823
431156132
121755995
398250308
485063541
330815655
22596699
218561198
245607245
245351246
512583128
78545487
70498867
13591395
571042620
173565849
328207311
146183028
26796942
594592809
230258939
163130846
558443508
66706594
899400854
453255758
55962862
372112150
35433463
3785789
145958317
132761096
182465930
254395985
86685045
31904542
234263844
112005243
163914807
103806984
112884555
129450161
570948152
841479930
892923729
118980511
96220967
299251026
14230173
76674043
48226996
717196926
59808553
221222103
15569726
142525456
119237152
136935748
51200660
165006511
56314318
31956886
559957163
17117765
290419474
445226000
15070240
60771941
266254097
588070888
141932418
14098048
24413433
159765721
11002111
41954418
13215616
154486585
338417544
233329441
232214034
698819991
970844960
151889434
113138925
7652090
253423640
323351216
262133608
31667672
136946407
200610097
288202813
158394637
364962091
50512046
581766744
198880706
35615499
795623849
280449380
162054136
535106129
50567999
576244693
344042367
302930587
425188502
159433005
121372828
66820805
9049758
259609769
336174166
627697421
50241506
541407947
578122919
577739720
116263486
12525210
85315187
68598548
327995074
18124027
568117179
16492414
174244995
917519780
901536357
241655118
210685259
331598935
478380600
156744778
548193747
63429981
98399365
48882435
753783827
52601239
161347014
187263768
759228943
348089173
472778273
86039588
95185686
439112293
321127428
102018
116941983
360213433
850429436
427361325
403770690
149316714
238517353
116005295
551050723
473675235
534609612
419277265
87384470
157236487
19539418
164463342
19755471
24756856
27570547
45257445
21958621
554008
265082762
3943658
222475201
701839678
328751859
712251992
240424997
762675587
969421798
96767979
125710034
52848022
4118146
395899532
24282036
106415093
300597037
215644579
7299175
769006723
89723921
395917694
1791793
785440859
436262276
264850034
688169010
275849507
66770876
112106798
38259169
64871458
187849249
15195199
24981504
248729843
914172374
30029438
545996156
683641904
708845092
534697912
340704396
17705826
97390056
175221654
40955063
410160121
929219102
123055907
166277159
406448343
60930386
65084618
116493207
141428811
40463596
162340397
151200030
1049335
210382657
95443166
17202090
117276762
133101238
468764253
172505033
166800154
327883142
192703558
141677623
533025875
892939074
180898583
469398749
101372723
83670823
267248209
28410936
11075283
15729759
235454391
523424286
146562158
31579062
527352599
206726113
6220630
125982120
66287366
35235257
782467343
1488783
60323929
39296011
2139100
187801079
38651185
668386900
302684093
976005337
562125749
143290078
170609321
21184648
121110965
20997888
43764158
352250479
933372696
230076450
272482730
137983330
573648176
550171919
44945302
213414280
193309165
3361342
150678352
55850711
322813000
183286174
146452379
264100999
39218522
101184829
11070503
184739038
289939009
422853435
163883924
405548
157179099
770707553
205526008
102629437
172708400
467081186
416929948
306498256
29349938
84261600
4911366
697716343
5308722
160096387
601235367
64886928
83530744
683447787
37574392
35071106
31296628
47752753
267358378
599095017
210098340
563783659
629928304
441617242
291236959
886882977
66784631
515873097
99713780
76075907
337573109
450789781
416605266
325205619
646491356
250193241
169349997
878202290
373895304
615534367
211946312
436419307
186907822
466905715
92838129
36458899
582252999
20292594
7583754
136521010
157732699
95920038
341140589
11053435
51510723
143255174
14778040
189680228
357838901
44549684
288185637
42966310
219595608
6191358
68235681
262339385
565613858
32184983
958301869
566176818
59799063
30540288
491425178
